ResourceID,RecordType
001abaa0-9788-4e84-ac9e-69786ec4a94d,Backlog Report
0039a258-f63a-4a8b-a5ac-44f8eaa97f38,Backlog Report
003b4b7f-7b6e-49c2-9a1a-251f22bf992a,Backlog Report
003c7479-9808-4a74-9b93-da36266409d4,Backlog Report - Invisible
00709186-ba80-4529-82a3-9667f750486a,Backlog Report
00737d20-7fb1-467b-9b8c-ad5bed3d30bf,Backlog Report
00774748-d4c9-411c-a837-00cc0d743be6,Backlog Report
007c8b2d-73fd-41ed-8f0c-0850b9e8b6ee,Backlog Report
007d3a46-aa18-4249-b4ed-37343106521b,Backlog Report - Invisible
008150d6-b720-478b-889f-15ff68aaf973,Backlog Report
00a6498e-04eb-48f5-a5d9-96997bb1626d,Backlog Report - Invisible
00a8cbd4-516e-4e59-be82-abcb326c0f2e,Backlog Report
00af5d3e-d6ad-491e-b7f9-0710fc6416f9,Backlog Report
00b944b8-35f9-42b7-910f-4a6e0117febd,Backlog Report
00bfad77-d647-48e8-a532-7b9acd002f50,Backlog Report
00d20539-9f39-40f5-975b-6df8bd0eeffe,Backlog Report - Invisible
00f5bd20-3fd9-4d83-952b-17e2a3cac9ed,Backlog Report
00f5d301-cfed-4a4f-a26d-b501f449f0dc,Backlog Report
010d5c0e-0c76-40ed-b3e3-2c5547017b12,Backlog Report
011ffc75-de3c-4c15-9a73-de43e65cd8ed,Backlog Report
012cda89-c61e-4531-b360-9014a6431312,Backlog Report
0170d88a-e96d-4c1b-8d4c-e1fd553f1cfd,Backlog Report
0193c6be-65aa-4fb3-89cf-20992b2a9a86,Backlog Report - Invisible
01a579c7-8f83-4e41-81a5-b8a61d24f931,Backlog Report
01a7d785-9a71-41fd-bcba-744a2d70429f,Backlog Report - Invisible
01ac913c-5e6f-4438-8c0a-d2858ca3d76f,Backlog Report - Invisible
01c61234-eec8-4e57-a661-9e2d035d0427,Backlog Report
01d3fe5f-7a3e-433f-83ba-1593ddece6e8,Backlog Report
01d5d501-1d19-49ba-aac1-8897cfaf71d9,Backlog Report
01d94b6e-2048-4731-8e6c-fd8032ac7727,Backlog Report
01ddf7f9-77b7-4533-9009-8d43c3bd15a5,Backlog Report - Invisible
01e18740-9622-4ae7-ba21-aeef5ba3ffa9,Backlog Report - Invisible
01ed4720-6ab0-4be5-919c-0c97f98cbf7e,Backlog Report
01f45ba4-e155-4725-a8f1-df1de822e58f,Backlog Report
020b1b2f-c1e0-4266-b8de-ed5e4d3e7fd9,Backlog Report
020b9a62-49c2-4735-bf4d-ac8d99bbd2b8,Backlog Report - Invisible
021ea210-c3d0-4cb5-9a93-e64be51ec6aa,Backlog Report
02280e7a-c540-447c-bd33-3646445278b7,Backlog Report
02365fed-3fc2-4790-ac6c-c288f05eebe6,Backlog Report
023a9c02-20c1-4247-b1e4-a7aabf55de59,Backlog Report
02530e4e-d523-4db0-a897-260c8a02a93b,Backlog Report - Invisible
0265f610-7234-4d40-9950-a78647b516d9,Backlog Report
02713dfe-7bb3-4382-99c3-9b0d3b5ff271,Backlog Report
02732e1d-d9e2-45f9-93ca-cbb891153535,Backlog Report - Invisible
029e313d-fa9a-46c6-bae0-7c4f51fa7de4,Backlog Report
02a85b76-2615-479a-9390-e36d8b1e755a,Backlog Report
02d4bf18-1517-40eb-b308-78a9e72212ed,Backlog Report - Invisible
02daa05d-0745-4209-8392-5343f64a6edf,Backlog Report
02f64d5d-54f4-4aec-bebe-28c50840ec58,Backlog Report
030a548f-d38f-4709-93f0-84ad427c13a2,Backlog Report
030af66b-2167-4cb3-b6b5-bf9436340d32,Backlog Report
0311e998-6155-4bb9-a36b-205df05dbb9b,Backlog Report
0320b2fb-d7ea-4b22-a685-25f3e5c28317,Backlog Report
032984dd-8564-422d-bb89-c70b00775f41,Backlog Report - Invisible
03566914-a625-4763-ba56-1a406ff907b0,Backlog Report
0356861f-fdb4-4e51-ba0d-14972a58b322,Backlog Report
036298ca-a9e5-4372-b476-d570f0ad50e3,Backlog Report
036c2bd8-c35c-40e7-a54d-32a663b8c311,Backlog Report - Invisible
03789389-3725-43e9-a9b5-bba549b922fe,Backlog Report
03a2556a-8f79-4927-926c-56c7187588ca,Backlog Report
03a6d240-f4c6-4bcf-88ab-e597462561fe,Backlog Report
03ad0aa5-e8e6-45a4-a13a-c2d8fd129457,Backlog Report - Invisible
03af9fa3-8093-4588-8801-c8808f0f595a,Backlog Report
03be6b50-4581-4fd9-9b4a-7109d6820da4,Backlog Report
03cac911-1948-4f44-9a1f-c6d885b3e1db,Backlog Report
03cf4382-01c4-4e2d-83e8-6e7d6c67bcc5,Backlog Report - Invisible
03cfa799-7d45-49ac-ba27-4e37679a9a2b,Backlog Report - Invisible
03e53fa2-56ee-4553-a0de-6998d6bbc49c,Backlog Report
03e6227f-aca8-4eb6-b842-11928061c46c,Backlog Report
03f2e29e-7e66-41bb-8c92-1dd78460df2b,Backlog Report
03f73cac-b7f7-4ea4-bff2-144958fe6331,Backlog Report - Invisible
03f85a2b-c066-4374-8ff3-e6ac7aeb1e2b,Backlog Report
04126a0f-4e12-4cb8-8fe0-a4bc60f68e57,Backlog Report
0433f367-561a-4bf5-a0a9-d92b08958d55,Backlog Report
044b628b-0cbf-4da3-978a-45d9ae814f80,Backlog Report
044e2994-b4a0-4b2f-abbc-032501791a8f,Backlog Report
048be621-d52b-4184-b93e-473157365af8,Backlog Report
0496ebe1-ddda-4847-976e-4492aba03480,Backlog Report
04a98b1e-62c2-4f7d-8eec-79de46d1ec26,Backlog Report
04b7def8-f559-43d7-9f19-30961659ba07,Backlog Report - Invisible
04c00a90-8367-44d1-be7c-188f81b79a6c,Backlog Report
04c17762-4a9a-40e3-9a29-6292185f66ba,Backlog Report
04c5169a-1b14-4b07-949d-38a8160980c6,Backlog Report
04d310d5-fd06-4377-97bf-0abee0ba30a9,Backlog Report
04d42886-f981-4bf5-8d43-c3e997a20a01,Backlog Report
04e47559-69ac-44b8-8166-9ebda4d414d4,Backlog Report
04f29c81-7a88-4480-aa18-ddc91f08aa06,Backlog Report
04f2bc63-b356-4f0c-84c5-3ddb70f05cbc,Backlog Report
04f86da3-9d4a-4df2-998a-1b94ed18edb3,Backlog Report
04fd9dd5-b1fb-49ef-bcb8-982392c8d711,Backlog Report - Invisible
04ff05ea-8753-424c-bb43-21d939864b08,Backlog Report - Invisible
050973d0-dd46-4d19-b417-5c1d1f6d5f77,Backlog Report - Invisible
0542e238-bbb5-451e-892c-2be201a60ec0,Backlog Report - Invisible
05533e7d-0742-4360-b1fc-f9ef6c8e4f69,Backlog Report
057c169a-bdd8-43e6-94cd-e082c63db283,Backlog Report
059433db-2f84-46f7-bb3f-6de404a57cb5,Backlog Report
059d0a8c-9e67-4d0c-bdaa-8da286a61a06,Backlog Report - Invisible
05b665b2-024e-4666-8c99-ae63c3119706,Backlog Report - Invisible
05c0b8d7-d124-49c5-8c77-6dfd11c2398c,Backlog Report
05cb116d-3d0d-4047-9746-1aa0581007f4,Backlog Report - Invisible
05d02753-58f4-4527-b6f4-befba01bf5f9,Backlog Report
05e50fb7-49c3-4ccc-a028-d0d8b314048c,Backlog Report
05e89154-d368-4495-9cf9-4eab3480a7b6,Backlog Report
05f64b39-a118-428e-b5a2-a44d8e901ee1,Backlog Report
05f6c1e2-45b8-4b85-b853-70a63081b5f0,Backlog Report
05f9c5fc-5af7-448e-b84f-bed1d2fb2afd,Backlog Report
06028b35-2656-4d79-bfdd-d9c6f7aaaf57,Backlog Report
060d1611-cb57-4ba8-b4e5-5221af8f2f7a,Backlog Report - Invisible
06119890-f397-4035-9f30-1d45a236e081,Backlog Report
0617007f-8c0d-4442-92d3-e61639a7ec7a,Backlog Report
061b20f4-cb7d-4669-8a3f-7f33536667d7,Backlog Report - Invisible
061bb31f-feff-4c9b-9a82-3dbac5365830,Backlog Report
061bcbbe-b2ae-417c-9c56-1a192acb0be3,Backlog Report
06352997-546f-41ad-aa44-12e066f5fdce,Backlog Report
063530dd-c265-4603-ab8a-64cb1a8e312d,Backlog Report
0639d154-c3d2-4b52-ac0c-5bf4c525e3fb,Backlog Report
0641c5c2-6c18-414d-871e-5045b823101c,Backlog Report - Invisible
0642bc3c-f030-4501-b566-3c5c643bbab9,Backlog Report
0656f6e1-194c-4a0e-b478-64f1b723f395,Backlog Report
06594c57-fc19-4708-a9d4-5328a74d8b2e,Backlog Report
065c71a8-66d7-4f7b-b894-c313f1c49c5b,Backlog Report
066c21cd-025e-403d-9644-592d2d1a29fd,Backlog Report
06823bc1-a73a-43f6-bba1-2d1ce36e1cd3,Backlog Report - Invisible
06927054-4dc9-4da6-b3b6-9927f8fb4a23,Backlog Report
06b2a4ab-4e74-447a-b053-6e650fb14d91,Backlog Report
06c5365f-023a-4ca2-8dac-18fe04b4f126,Backlog Report
06cebf92-395c-4f00-ae3a-793933260a20,Backlog Report - Invisible
06d11431-d0f3-40ef-9051-5d0eca442f83,Backlog Report - Invisible
06d5819a-0198-40dd-aa79-462e132833aa,Backlog Report
06dddd3e-889f-4104-af08-8b8caa679259,Backlog Report
06e54d62-572e-4d0b-81dd-2f53d6448ef3,Backlog Report
06f9aec3-006f-4bc6-b9ca-eb20f63c2c1f,Backlog Report
0712876e-3fd6-4d6c-90c4-61dbea736a06,Backlog Report
072e7315-b183-4e39-9a9a-400dc4437c9d,Backlog Report - Invisible
072f3a8c-9fa0-4edd-bdaa-880a234b8151,Backlog Report
073735ab-7d08-4426-a9cd-87a7fab7c1b3,Backlog Report
0739b9ce-006f-44d6-8230-e8c8f642e896,Backlog Report - Invisible
073d41cd-7171-4781-b495-55f38721c68a,Backlog Report
07423e1a-bdc6-4cdf-89fd-3a5c14daa3e2,Backlog Report
074308d4-7254-4b20-9827-4e0fd52b6c53,Backlog Report
074ff8e3-2dba-43c3-b18e-92b94bab456d,Backlog Report
076c2e93-7edb-489b-9fc4-1d30632559d6,Backlog Report
077e8a08-fdb8-492f-8c79-64166377f774,Backlog Report
07859562-f81f-4d04-948c-8671319fb05d,Backlog Report
07b6ce4a-cb43-4d15-ba7a-c571d37e57f4,Backlog Report
07dc8e42-591e-4741-a4b1-1a34d2f5ad07,Backlog Report
07dd390e-7457-4870-9573-625c2718dd5f,Backlog Report
07f38a52-b2c5-446b-957d-cc234f6f1c92,Backlog Report
07f8fe77-e8a7-49b7-b234-464f2033f6e3,Backlog Report
080e7a18-29d7-4f3b-9d13-9c01349012d1,Backlog Report
08169fe3-39cf-4c6d-85b6-48a334a9c0df,Backlog Report - Invisible
0834acf8-2bf7-4b2f-adf2-7f2368058eb5,Backlog Report
0839092b-5cd8-4204-9f5f-996635f4a3b6,Backlog Report
0841619c-d721-4abc-bc9a-2218f78aec78,Backlog Report
0870a2d1-8b2d-445a-a51e-43f1d25b03f1,Backlog Report
087a030b-7d9f-4d8c-bff4-0f02fb0e4c9f,Backlog Report - Invisible
088bd430-c3b0-4043-b25f-eca0398b39cd,Backlog Report
0893d402-9b0b-45c1-8d79-e2f83404b3ec,Backlog Report
08a78699-4b5d-431f-b5f9-0a732c96f7e3,Backlog Report - Invisible
08b1b782-9a23-4204-a855-f7a9d489738e,Backlog Report
08b76ba5-5827-4168-92dc-88cba5b6c2d8,Backlog Report
08c82415-706e-4620-a46a-6db92cbd2b5b,Backlog Report
08e6f6e8-312a-4073-893e-1453b839c66c,Backlog Report
08ebf62f-44eb-403f-a4b7-aa680d3b345f,Backlog Report
09040728-d15a-4e91-a6ea-a46ff57f5022,Backlog Report
092ced9d-3ef2-44be-b865-2c77998916c2,Backlog Report - Invisible
095538c7-4586-4e79-a669-eeeb4b4772dd,Backlog Report
095c9991-d1c3-4bb7-a28c-36071f200743,Backlog Report
096648a1-59c2-478e-9e52-780d7f0a33d2,Backlog Report - Invisible
0967e283-3d0e-4dfc-a178-1d3041e246e9,Backlog Report
0977baf7-41b6-4761-8ebc-17e573658c21,Backlog Report - Invisible
0978e511-a408-421e-a780-8f8faef8a71c,Backlog Report
09843068-fe32-4547-bc7a-7defd8e42cd3,Backlog Report
0986c9f9-83d0-45a1-baec-e947435f4016,Backlog Report
098aca0b-f19b-4d1c-9a48-0dd72b95d4f0,Backlog Report
099f74d3-4c5f-4f0a-9971-dcf155a50499,Backlog Report
09a292e3-956e-449a-9e07-2d45e0bdf03c,Backlog Report
09af31c9-ba42-4997-afb8-5581dd56e1a5,Backlog Report - Invisible
09b6fb89-47c5-40d6-a370-40fe258281ed,Backlog Report
09ba10a0-6c5e-4f09-b52b-d1d4b6ed00f1,Backlog Report
09cd2e44-cc39-4cb0-a5ef-5fd742328aeb,Backlog Report
09cde529-88af-42f1-b721-9a038a56069f,Backlog Report - Invisible
09e92fce-1e12-44ed-927e-2db4defe5b3c,Backlog Report
09ed2351-9bd0-4606-a3cd-5b7fea37a9b2,Backlog Report
09f21b5b-9462-4863-990c-1b288f2c1f03,Backlog Report - Invisible
09f80a77-7f5c-49a4-9dc2-8507f78cbd77,Backlog Report
09ff9567-f1ab-40cf-b531-dd0b30068aee,Backlog Report
0a03dc9c-fa3c-4b4f-99f5-c7ecc6bbbfa8,Backlog Report
0a188ebc-4639-4cfa-9adb-38162dcbc03e,Backlog Report
0a2b2bbd-2733-4462-b425-3b66e7a55bbb,Backlog Report
0a324f8e-96f1-4585-ac08-03791398b5a6,Backlog Report
0a337c5d-36d3-40b5-83ea-e918f4a94a02,Backlog Report
0a345307-806b-4b49-965b-f2879ece9b1c,Backlog Report
0a45d48e-af66-4415-beb8-f66b1edf6d1d,Backlog Report
0a514f30-8998-44d5-b06f-504128db56d2,Backlog Report
0a6c561a-0655-4e49-81b7-1bdfec9b5b85,Backlog Report
0a8a2ce2-c495-438f-847e-1e25599c3980,Backlog Report
0a970645-b866-4d42-afa0-79d0472a4009,Backlog Report
0abe6323-98a0-4eef-8434-e4410a08a884,Backlog Report
0ac15e44-54b3-45fc-92b5-f02c9fda5aa0,Backlog Report
0ac444ba-2389-47d0-b6e0-cfd1853278eb,Backlog Report
0ad0d196-0f53-494f-a728-d1ffdad84854,Backlog Report
0ad42566-846c-4d35-8a56-6f3f81f22cab,Backlog Report
0adaae12-bd6c-49a7-bcf6-4387083f6886,Backlog Report
0aef62ad-3e4b-42e8-8c65-48393a4a6aaf,Backlog Report
0b032880-241e-4e5e-a8df-44d2ae31efcc,Backlog Report
0b05760a-9eca-4bc7-a089-65d1faff2484,Backlog Report - Invisible
0b0d24dd-ce85-41ca-861d-66af5f38a3c4,Backlog Report
0b16aca9-6625-4005-a9b3-e2f777fb9d3c,Backlog Report
0b1c37e8-33ae-4c10-9764-1d8826938135,Backlog Report - Invisible
0b3957c9-64b5-40ce-9749-f4a2dbaf9e01,Backlog Report
0b431324-d755-4d1c-b4f4-0623cb7c283b,Backlog Report
0b4e88aa-1452-417b-a9a0-917c3425a34b,Backlog Report
0b5237e2-8e7c-4b4e-a866-8d12bb524bbb,Backlog Report
0b694d5d-0539-41e8-a0f2-144d54e40b93,Backlog Report
0b71ed89-415a-453b-b39b-ecb31b6f89a4,Backlog Report
0b79d1e4-33d1-4c5b-8d45-d13e087a212c,Backlog Report - Invisible
0b7d5969-4146-4c7e-b3dc-428e76da6cae,Backlog Report
0b8f1f7d-d4d4-4565-b6c4-890766fdc399,Backlog Report
0b962134-e92b-40f7-81f4-2c0392bbc57c,Backlog Report
0b9e4dcb-1ecc-4b33-a530-22c0ce7c11b6,Backlog Report
0bafea81-9f45-48e0-ac7e-2cc941f2ab14,Backlog Report
0bb561ea-6a70-4bc8-88a6-e67d79d179d1,Backlog Report
0bccaebb-75a1-448c-9519-170f708c4864,Backlog Report
0be259b5-b42e-4940-a723-a8a5dd5dc265,Backlog Report
0be38a42-f96b-46c8-914c-072dfb79f089,Backlog Report
0be94fee-c794-4bbb-bd69-87d01c39d768,Backlog Report
0bee18e2-f4d5-4505-91af-032c9ea53ada,Backlog Report
0bfea2e4-1d88-4ff6-9dc5-3d933b925723,Backlog Report
0c005748-39ea-44dc-8dc1-b11b17c98b08,Backlog Report
0c081935-5dab-4270-9c88-d15812323c3a,Backlog Report
0c111c4c-3920-4bee-9cc0-adc4fa2dda9d,Backlog Report
0c14ccfb-7e7b-4d9a-acaa-a9f836bda7df,Backlog Report
0c278e80-3997-499f-984f-3e4c81f17565,Backlog Report
0c4a50b6-4919-4476-8ff7-547b37bb7eb3,Backlog Report
0c4becbd-5e51-4850-b71b-db57e0be29c4,Backlog Report
0c6e6e0e-96a3-4cec-8df6-d05bd997fe6c,Backlog Report
0c764364-a324-4845-b10a-ced7881bc2af,Backlog Report
0c8f47e3-10fa-4d9f-b5c9-9340c69a0628,Backlog Report
0ca90b47-a4e9-43e5-a97b-b36ea18166c4,Backlog Report - Invisible
0cae1338-291c-4b4c-baf5-7450c45ddef1,Backlog Report - Invisible
0cb60f77-abef-4767-9e72-779b30c998fc,Backlog Report
0cc537f0-f946-46dd-a06f-09c878974331,Backlog Report - Invisible
0cd56169-38df-4706-9e1c-f12f98020a47,Backlog Report
0cdf2712-24b2-4bcc-964d-34fa0c189486,Backlog Report - Invisible
0ce00517-adbc-4da2-9d43-8cc5532cc6a1,Backlog Report
0ce6e6b1-5546-4442-a232-c63968ff5a99,Backlog Report
0cfa0b17-52f9-4f85-b520-14c86f99be87,Backlog Report
0d0ac66b-f193-4b35-9d73-403cc598b89f,Backlog Report
0d1bc3cb-4f57-48bf-90ca-cf2c166cb725,Backlog Report - Invisible
0d2a419d-ec74-4fc8-81b4-d457f042e0ee,Backlog Report
0d34f958-092a-48f7-82f0-05ae5935b3ac,Backlog Report
0d481995-cbcb-4147-8995-28c86671320b,Backlog Report
0d48cba0-535d-4a81-8e1d-abd92de7bd8f,Backlog Report
0d494420-ea6c-45d1-af79-39efa948a49d,Backlog Report
0d499016-6561-46bd-886c-3bf762318c11,Backlog Report
0d5dea19-db03-4885-8516-88e8e8fb0220,Backlog Report
0d5f262d-32bb-430f-bc96-70274f624b6b,Backlog Report
0d64eaf5-e356-4d26-9212-52715b9c524a,Backlog Report - Invisible
0d670ad9-8899-4368-9bef-223455039db7,Backlog Report
0d6eb211-8d69-489f-9630-1b2823bd5ad4,Backlog Report
0d766adf-51ef-4a50-ab94-fc274cbbd1d8,Backlog Report - Invisible
0d80ebd1-d14d-433e-9db1-38e0b32c19e2,Backlog Report
0d97cbf8-6d24-4556-b04d-463f685a5648,Backlog Report
0d9b878f-c4e8-4a16-8ec0-c25d74abc1c1,Backlog Report
0da94d53-6ff0-4f58-a5de-276d89d05260,Backlog Report
0dc174a4-da60-41d6-98c6-1816ce1d5a9a,Backlog Report
0dce9356-9948-4cf7-97d7-7880fd509188,Backlog Report
0de4d563-70f6-4d78-b8d1-2fb2b19b92e5,Backlog Report
0df3ba47-98f3-4331-aebd-69aad4c19831,Backlog Report - Invisible
0dfe2430-ba53-47ce-8202-2dbcc3ff8090,Backlog Report
0e022d69-87bd-4799-9e82-6425fc767525,Backlog Report - Invisible
0e06bee7-1d6c-48eb-8f20-794f63dad7f6,Backlog Report
0e084018-3973-46fe-ab79-f25992106c3d,Backlog Report
0e202e54-cef9-4cb9-a506-08c97c742da7,Backlog Report
0e4af6f3-aa13-4887-9bac-700c5b3a0e12,Backlog Report
0e5748b4-79ee-4d99-b0ce-a634ea453cb0,Backlog Report
0e61b0f7-00f3-4352-b9aa-41e199d6571f,Backlog Report
0e7152ef-aa41-440e-8c55-396eb3067f1e,Backlog Report
0e8a1740-408b-4d14-915a-f1907ede9a3b,Backlog Report
0e8d1eee-b81e-4b44-99c8-0712d6863f2c,Backlog Report
0e964232-b40f-4cfd-b6bc-75762c378fe5,Backlog Report - Invisible
0e9a088e-59af-4421-9e12-9c3be0c3cf3d,Backlog Report
0e9da961-e5d8-4991-a6fe-b96f45b9c55e,Backlog Report
0e9f654c-2a1b-4b33-9f33-6e53263e1b99,Backlog Report
0ea43b08-8d2e-49aa-9f71-efd28ea08e29,Backlog Report
0ea9573a-298e-462c-8397-fd626dafe462,Backlog Report
0ebd4722-e01e-423f-bbe2-c0bbb417668d,Backlog Report
0ec4ae5a-d112-45d4-afe9-55f228f82832,Backlog Report
0ee43073-694e-4f5a-931d-31145a4b3a3c,Backlog Report
0ee97ec6-711a-4c8d-be1e-e04cba138fc0,Backlog Report
0ee994fc-fdf1-4db6-ad89-6084b4bf92f2,Backlog Report
0ef9e647-a888-4684-937c-4cebe13ffc3b,Backlog Report
0f012040-ef97-4c2c-8eea-fdf483bd6a56,Backlog Report
0f014953-d87a-4bfd-9e28-2d48a8285b29,Backlog Report
0f06ed1b-63ea-4e9b-bdc8-01605a0f868d,Backlog Report
0f143f67-e276-4590-9794-dd00b308f3ad,Backlog Report
0f1bc90a-2851-4ff4-9edb-cb2d0ec03644,Backlog Report
0f24b737-e5a5-4bdf-8e0a-504c69b97d57,Backlog Report
0f256fee-49f1-4ccc-879e-5a3f43c25994,Backlog Report
0f2eb1b5-1b15-407a-b6fa-5328aaf8de45,Backlog Report
0f351183-021f-49d8-94f9-289464280018,Backlog Report
0f44183d-63ec-4d87-8e4d-946f76c3fc52,Backlog Report - Invisible
0f48401f-03f0-4680-b337-29fcdd6710e3,Backlog Report - Invisible
0f5bf344-95c4-44b0-bf8f-3b41a74c9e06,Backlog Report
0f76f3d3-5b23-440b-8bd2-e65c6dd9c99d,Backlog Report
0f7bc817-893d-4d0b-960c-0d5f90cfac35,Backlog Report
0f7f035b-a601-4991-a8ba-0f549bf1d9ca,Backlog Report
0f84de31-269e-40bf-85be-db5389d0905d,Backlog Report
0f872758-44ee-4862-94a4-3c6661c12b37,Backlog Report
0f87909b-b1b0-4711-8c43-a2cc68b69c41,Backlog Report
0f9036dc-87e0-4b8a-ad12-5e0dd0521733,Backlog Report
0fa97279-9c8a-40fe-8063-55d3f7d4855d,Backlog Report
0faad3ec-aa47-4144-b097-8cb71c40f3ce,Backlog Report
0fc4f5a2-97a7-4fd8-9a59-18794ec8fde5,Backlog Report
10039b52-44c4-44ae-85e9-2d067a7e4727,Backlog Report
1013168b-596d-4028-b5ec-c1dfa2363940,Backlog Report
102ef25e-19e7-49d4-8284-5905728fc1b2,Backlog Report
104b3343-3785-4499-85e1-ccabf527d779,Backlog Report
1062dad5-55b9-41c1-b00a-cb4a60e072b9,Backlog Report
106e8ac2-82c8-496f-970a-068da6c141f0,Backlog Report
107be8b3-df66-46f3-9699-06709b63c66a,Backlog Report
10a0bf5d-a26a-4f00-91b7-071e3053378b,Backlog Report - Invisible
10a287ca-1f27-4d8f-b051-5e9084fb3275,Backlog Report
10ad6e10-3291-4c34-b89e-d185aa39ee09,Backlog Report
10b865c8-23c2-43d4-8b1f-35102608dd87,Backlog Report
10c5e891-1377-4056-9b92-abfc46925134,Backlog Report
10d71c86-4119-4c18-a8cd-6175b50fa7a0,Backlog Report
10d88703-1e0c-4000-abfe-aa7b1bbb0c6c,Backlog Report
10e51e4f-c5d0-4d58-a108-a13b80d4d181,Backlog Report
10f6cb8e-0ae7-4a2e-82a0-c95ae691edba,Backlog Report
10f9f615-be0a-4833-8ac8-6f34610ed5b2,Backlog Report
111427b7-c3f2-4c23-b098-186117260468,Backlog Report
111a22a7-a0b2-4f4c-8014-f7ee65395d5c,Backlog Report
11516de5-64b1-43bf-9d75-08b6ed25d4bf,Backlog Report - Invisible
11641bf2-131d-4fd9-8da4-61b83e8fd8d7,Backlog Report - Invisible
116796fb-b8ea-4df9-a83b-e2727a2a6645,Backlog Report
1177e1e6-68da-4086-a429-a232b362be93,Backlog Report
11adaad6-886b-43e7-80f6-3225dc5c2e42,Backlog Report - Invisible
11ae477f-1977-478d-a5ac-0fcb45503368,Backlog Report - Invisible
11b0d308-f3ca-44b1-b23c-5c277f8097ca,Backlog Report
11bef4d5-e8da-4ed6-989f-48ba752c8076,Backlog Report
11cbf746-f4d0-4ca8-92c4-2d374a61e595,Backlog Report
11d359f5-abfe-4bc9-afe9-427ae67facc2,Backlog Report
11e79761-ee4e-4aae-a953-964c3583f5ab,Backlog Report
11f6f2eb-5bf7-42d8-9900-ddc96a357905,Backlog Report
11fb7552-da76-4af9-95cd-7abbba8217d7,Backlog Report - Invisible
12082183-e15c-45ba-a050-3eebddf93f47,Backlog Report
12097623-2dcb-4e74-9b12-8e187d214d00,Backlog Report
12252c3e-31c7-4155-8307-4dfd758704af,Backlog Report
12347c79-38cf-412f-a42b-9c4defdf8027,Backlog Report
1241e7ba-1908-4feb-9c06-94d9f1679c5b,Backlog Report
1247a0ce-ba0c-41c0-98c7-eee7e0ab6362,Backlog Report
12498096-34da-492b-91f9-e81560957e78,Backlog Report
124c8a5b-a7b7-4098-8f9b-1204aa40e8a4,Backlog Report
1261a2d6-5333-4f5f-a8c6-948809168c39,Backlog Report
12748b49-70db-4793-8e56-ce8a4aa0378a,Backlog Report
1277045b-ad27-45c7-b1aa-21d3f97ee531,Backlog Report
127e8d57-e3d6-4c6e-bac4-f5d5569d94c5,Backlog Report
1287e474-0a70-4cde-8582-b926fddd1f1c,Backlog Report
12ad9a98-71f7-4e93-a127-ed644f250acc,Backlog Report - Invisible
12b7ab3f-5ed2-4d48-83f3-d594312c6d48,Backlog Report
12bf7ec6-bea7-4c6e-993f-cbe52854e297,Backlog Report - Invisible
12c935f4-7ada-4b45-80a8-24889d98f05e,Backlog Report
12e28a27-c2e2-4802-bfc3-f0f8ac753ceb,Backlog Report - Invisible
13025d83-9da4-47b1-9460-0892ec55ff56,Backlog Report - Invisible
1308d71c-d75b-4c79-b239-fbb8c40acf54,Backlog Report - Invisible
1308e19c-63db-4958-8e46-bdb40015ad30,Backlog Report
130dd7ca-5e8c-4d5f-ac27-ba4bc258353a,Backlog Report
1325dd2f-911e-49e5-92a2-674f0a72bc41,Backlog Report
1326af60-3434-48f4-af1a-ebc7ed27115e,Backlog Report
132b7da2-1e6b-4f74-b7cd-6b5657d16545,Backlog Report
132bfa45-9839-4f71-8dbf-f831ff5beae0,Backlog Report
1346334a-79f1-4eab-b98b-90cb13190c05,Backlog Report - Invisible
13465018-d10d-4190-8e22-e156d25a1139,Backlog Report
135047e2-494b-45c6-a6d9-b21054ee962c,Backlog Report
135eacc1-dd9e-40c5-8013-ff4f1f5c4113,Backlog Report - Invisible
137a92c9-8c71-4087-898b-c102370ecc33,Backlog Report
1380068e-ce47-4a3d-b7bf-f19baa55abd8,Backlog Report
1380d8c1-9db0-44b9-8862-4f5247f1a588,Backlog Report - Invisible
13907506-6271-4379-88b7-cd074ecda7ca,Backlog Report
1393164a-bcb3-42cc-baee-e4d355d4feda,Backlog Report
13a39fbd-e65d-43bc-bd6a-25a483d5c6c5,Backlog Report
13bb5d67-e2b1-472a-927e-d6d3ebdf4420,Backlog Report - Invisible
13cb9839-1209-42f0-819d-b4fd8fe41b02,Backlog Report
13cf206d-b1d5-4479-b37c-53cfc1f6ada8,Backlog Report
13cff25d-66bf-43ed-9792-974354dec20d,Backlog Report - Invisible
13d3e4e3-c3fd-48c8-a2db-f9cb6ac6ff10,Backlog Report
13e580aa-e33a-4c27-8df5-834f2537ff35,Backlog Report - Invisible
13f47687-fc95-4f16-abf9-a067034d9b08,Backlog Report
140eda94-9775-4221-a919-622b4ef94751,Backlog Report
144d8aac-215e-46bc-b6d0-7c3a6c7dd7da,Backlog Report
145be5e5-da86-417b-84a3-2c0bbd550d2b,Backlog Report
145c8687-28be-4920-903a-3e954e58fa9d,Backlog Report - Invisible
146b006c-141a-49c8-a9b7-9a57405ebf15,Backlog Report
146df16d-ddd4-4def-917f-a7a93967ca95,Backlog Report - Invisible
14a003f2-5bf3-4053-a780-29bdd8e49729,Backlog Report
14aa72d2-a9b4-42a6-94dd-91bbba5ba5f1,Backlog Report
14b07b37-291f-4e42-bf84-e1d30cd4e35f,Backlog Report
14b137f9-fd2c-44d2-b445-e69165df94fe,Backlog Report
14ba722b-f786-4618-9983-8c9c83661952,Backlog Report
14c8362d-4616-4eed-8b8e-e67c84d676cf,Backlog Report
15162385-31df-4bee-ab34-93dab4b6c895,Backlog Report
151894d1-84d7-4b8f-8345-0ece9940c938,Backlog Report
15212156-d5e2-449f-9280-8c6063859a91,Backlog Report
1524762e-f671-4fc9-961a-3f3e1f9d9c5a,Backlog Report
154a7a54-b436-4ce1-9fff-0ceac9c6384d,Backlog Report
154abbd8-abce-4cfe-9299-ea6241a5132d,Backlog Report
154f9506-909b-488c-aa53-a03287e12ad8,Backlog Report - Invisible
15575e32-473e-422c-bec0-8f914ba4e07e,Backlog Report
155a8204-9ee5-4ea3-bdce-40bcf0ebadc8,Backlog Report
15731bb0-6ac9-451a-bc1b-2555e6cb4411,Backlog Report
1575bd50-a349-48e5-a4c2-73b4b339e27f,Backlog Report
15816687-80e4-4867-9ee8-c4ba38081d54,Backlog Report
158535b9-5dc4-4d2e-aa1c-f6a797cf7a50,Backlog Report
15a2ac65-d570-47c1-909a-cfd35eb59116,Backlog Report
15b4a4f1-3b6d-40a0-8a80-e192729d9a83,Backlog Report
15cc39b8-03f1-4db6-9f28-2bf69417e69a,Backlog Report
15d570a6-64d7-412d-9807-221b660828d6,Backlog Report - Invisible
15d7700e-06be-4dd1-9d54-a9c19c8b6757,Backlog Report
15e3fb78-fb82-47c7-a6d6-f8817e32e29b,Backlog Report
15ee8299-dcb8-41ab-8153-1441b4752dcf,Backlog Report
15f6d04e-2965-4bc7-bae8-32ad30421792,Backlog Report - Invisible
15f90b26-02f0-4e26-bdea-c27b5712ec88,Backlog Report - Invisible
1601b14c-5e16-4945-b626-7b44347592d0,Backlog Report - Invisible
1629e840-ea87-43d1-879b-ec6281cda4a9,Backlog Report
16370ac4-4467-4302-867f-1b8ba661a9cd,Backlog Report
1638b143-e4aa-4a92-b10a-bc7739061df0,Backlog Report
163eb8fa-b654-4576-ab9a-78f22cda3251,Backlog Report
1654788e-6782-409b-a6d2-b61445050cee,Backlog Report - Invisible
1654a2a4-fe09-498c-b07c-25e1388b494b,Backlog Report
1662ea42-d6b3-48d7-90f0-81dd7de9371c,Backlog Report - Invisible
166774bc-36bb-4c65-87f0-0d9951d0c16b,Backlog Report
1673dfc5-3181-4113-b40d-90f3b7ce9860,Backlog Report
1675d59f-fd42-4ef6-811b-1e469a291693,Backlog Report
16777988-31be-4d31-975e-994f23d1af7f,Backlog Report
168659e2-cda5-4adb-9961-45c519911d61,Backlog Report - Invisible
1688c33e-10a9-4eb1-8ab3-e9176a81c0fe,Backlog Report - Invisible
16a1a072-7cfd-4c56-b2aa-c8bb53439a93,Backlog Report
16a1d47a-c00c-4363-9d42-acb9ada5d7cf,Backlog Report
16a24fb7-7ad1-4131-b880-01c1553867b3,Backlog Report
16ad8c05-0d36-4e30-8817-34c225fe4c45,Backlog Report
16be7751-fa9c-4675-9b3d-08b919543c80,Backlog Report
16c7876a-e3d4-41c1-8ef1-9d0cb3935adc,Backlog Report
16d41e24-3c0a-4369-8ff7-68fd62f77522,Backlog Report
16dcb610-e980-42bf-b5c6-f753017b8b27,Backlog Report
16ef49c4-c27a-4145-b5ff-ef6994438b70,Backlog Report
16fba508-f7d6-4713-93e8-ec0469995f5a,Backlog Report
16fe46f5-b52a-46de-93ac-d41971f59449,Backlog Report
17038b9f-49c1-4233-88b0-665b8ac24e6f,Backlog Report
170f6690-5b76-490a-b7d3-f497d92da84f,Backlog Report
1720a688-861e-4e03-a394-83d35f45dcba,Backlog Report
1738943e-a08c-4df3-bdd3-e1fdffd68bc4,Backlog Report
176ea832-7209-42f7-99f7-0940c7323d39,Backlog Report
1777a022-1e27-4420-abaa-41125c9cb6f0,Backlog Report
177eb415-feb1-4ea3-a6d8-175e44799b1e,Backlog Report
17802616-d53b-419a-9ccb-b8c13c83d202,Backlog Report - Invisible
1784a96e-774a-4b01-abbb-b458337297aa,Backlog Report
178a5948-28c5-4f64-b8a0-87ca6fbf4c48,Backlog Report
179377a9-5346-46fd-9592-116cea8de04f,Backlog Report
17b33df4-23a0-485c-8a5a-2ca826c1be25,Backlog Report
17bc91ab-49ea-4879-80a1-9edff55f5377,Backlog Report
17bd5f96-35aa-4c53-8783-b0d22e4ab1d6,Backlog Report - Invisible
17c398dc-6e1f-4006-b38b-c6491beb31e4,Backlog Report
17d0f6aa-b83e-4e40-ab6f-f50cfc52809d,Backlog Report
17df15ff-6d6b-4dc8-854b-43dcd73e0416,Backlog Report
17e25992-0885-4ecc-a321-12d833c3c81f,Backlog Report
17ff7a12-b116-4e92-8272-27ef12d463bf,Backlog Report
180bb73e-55e0-4cfc-b750-e103df31efac,Backlog Report
180cbc52-f93d-4fea-b546-15e9dba7aa88,Backlog Report
182077d1-03f4-4fec-8b26-4b532a17f78c,Backlog Report
1829e774-bfb7-49fd-b982-9104807006ab,Backlog Report
182a1e9c-fc6a-4664-84a7-1c2cc2937c3c,Backlog Report
182d543e-2922-434e-95b5-953faf6e18d2,Backlog Report - Invisible
18393360-6709-4b08-a17f-dd9febd494ff,Backlog Report
185d08c3-5be3-48b4-bc2c-e21fc469ba8a,Backlog Report - Invisible
18878d31-ea75-4c2b-8ef4-ddd26f88de43,Backlog Report
189cbccb-301f-44bc-b7df-171feb77f36b,Backlog Report
18a424d6-fc3e-4009-a136-5e54c1773ae2,Backlog Report
18ac2378-2a58-4a00-b68a-76df3a991493,Backlog Report
18c350b9-3abb-4515-a734-7972c4bf97ed,Backlog Report
18c385ef-8ac8-4e26-ad3b-5d63bcb913d2,Backlog Report
18e0151b-5d88-4e0b-910a-4a1c23cbcce3,Backlog Report
18eed816-3b56-4e99-8068-e8cc62d683aa,Backlog Report - Invisible
18fd2763-0bbb-41c9-b5cc-3a0101fbc2d5,Backlog Report
1911c97b-162c-4a12-9cbd-3668246738a4,Backlog Report
191c52eb-b3ff-43f1-acb9-ec6c9dfab926,Backlog Report
19290c8b-95c6-4369-bdcc-30868869524f,Backlog Report
194b482d-5f0a-4a72-aa76-286918a3cc57,Backlog Report
194e1074-30e4-490d-9a5d-e1cb07121a70,Backlog Report
19588e1c-7de8-4f75-b918-01b72c64e45f,Backlog Report
1973fbe9-5a3d-4df5-80d1-1404827845e4,Backlog Report
197c9359-8e9e-4583-a282-7172760d97f9,Backlog Report
19845ba1-4a3b-4695-b884-d25f4e12bb5d,Backlog Report - Invisible
19895809-bb35-46a2-a3b8-bb1e4f23714e,Backlog Report
198f3f40-2c7d-4719-b67a-5ed495e17687,Backlog Report
19b29f47-e2f4-41d9-8776-d69d962f6a45,Backlog Report
19c5f94f-377a-422c-a0a0-35b8f3bde5c2,Backlog Report
19c88cb2-3c57-4a39-ade7-058a61959277,Backlog Report
19d80fd4-7041-439d-a71a-109b8d2abaa5,Backlog Report
19ebf7aa-8cab-47cd-82c5-9756fb63a072,Backlog Report
19ee1773-ccdb-4b48-a6c4-429c98808557,Backlog Report
19f399e9-ece7-4a5f-ac30-d4ad77d1ffda,Backlog Report
19f5721d-d055-4845-a72a-b6547a1b105e,Backlog Report
19f5fdf0-82b5-48b8-b66f-4ba1650f6105,Backlog Report - Invisible
19fc5b94-f6a0-4782-adba-6b3345d70ae8,Backlog Report
1a0eaf78-70c5-4453-9f4d-df4d0d91ddce,Backlog Report - Invisible
1a43f00f-e59b-4a22-b783-c0102aaf1b33,Backlog Report - Invisible
1a55f28e-7382-4b6c-8f6a-c362d1fecc5d,Backlog Report
1a659901-3792-49cb-a4ab-ce15abcdadd5,Backlog Report
1a8ddfe1-1bd4-46c9-ba7b-c7c814285fd0,Backlog Report
1a8fc506-a17e-4f94-a226-bbee03f585a8,Backlog Report
1a90772e-fdd9-4728-9cdf-463998e8ff88,Backlog Report
1aaef433-86c2-4eea-a2c2-8ac4b5fc414c,Backlog Report
1ab731bd-b4d9-4841-8dd1-7f44a8cd3f15,Backlog Report
1ac84e8e-6ba0-4bf3-8ec4-378e7e470194,Backlog Report
1ad35e0c-545b-4b14-9edd-1354be5df499,Backlog Report
1adf80db-3cd9-41dc-a15f-841624af57fa,Backlog Report
1b14320f-349b-43ac-bb6f-4443354c4f83,Backlog Report - Invisible
1b2a4b05-6cb1-4006-8c53-4b7e7d3d0c1b,Backlog Report
1b40a343-ab5d-43ce-8caa-742107655e65,Backlog Report
1b4b952f-fee5-4a23-b396-b31a4b58701e,Backlog Report
1b5cb441-e272-4fd3-85d6-87dfba75d7fa,Backlog Report
1b714ac4-e62e-4828-a87e-5be469219e84,Backlog Report
1b7c5551-0fc1-4480-add4-b6c8b82c46d1,Backlog Report
1b7fa3e4-6312-4a71-9f74-a4d008f3e308,Backlog Report
1b889f14-e212-4d90-86b8-447bc5f2a910,Backlog Report
1bb54f9f-cd10-46ab-81ba-8791e0e3d683,Backlog Report
1bc4d83a-a1d5-451a-9300-a5643c8f4274,Backlog Report
1bc7c36a-5dee-4f69-a762-a6c20002ed07,Backlog Report
1bcc6168-99cb-473a-b973-1302b81fccb4,Backlog Report
1be95ab9-2d86-4438-82ac-f5e4a43e55ca,Backlog Report
1bebd9a1-ebc3-4878-b65a-8148b5964b73,Backlog Report
1c21da4a-c61e-470e-a14b-bd6d49bc3f08,Backlog Report
1c3cae2c-f793-488b-a738-b922d94fc225,Backlog Report - Invisible
1c468a75-ced2-4b61-bc53-73657f49bd16,Backlog Report - Invisible
1c4a5f9c-2b95-4545-acb2-92627fe6ce5f,Backlog Report
1c56bc76-467b-43bb-ba0d-71139d578ce1,Backlog Report - Invisible
1c57a937-d5a1-4149-a515-f3d7ec107a39,Backlog Report - Invisible
1c594909-fc9d-4661-9784-e3535385f180,Backlog Report
1c5efc8f-d424-4e53-839d-2c20aaae9dd8,Backlog Report
1c80ac37-d6d2-48a5-9989-f4af9cbd797b,Backlog Report
1ca3a028-1647-4d88-b5dc-cae6037477f2,Backlog Report
1ca5f96c-79dd-4fb7-9d2f-0c9d496d0766,Backlog Report
1cc15b97-6100-4847-8a44-b3031056ec55,Backlog Report
1cc6180d-0516-4e6e-816a-9bd502415fbf,Backlog Report
1cdeebf6-a1c5-4636-ad51-19e10e30827b,Backlog Report
1ce736a7-bbc6-433e-acef-4cff49cc63ca,Backlog Report
1cf703f2-d92a-4faf-ada3-28713bc6ee6f,Backlog Report
1d049c58-262d-48cb-aa30-3acfabbe4918,Backlog Report
1d0eef4c-87ea-4c3a-9c89-a06ed142fd59,Backlog Report
1d1ae685-5724-4d75-b526-18319c4c2f31,Backlog Report
1d202e4b-0e29-48d4-9998-34cbbb50966d,Backlog Report - Invisible
1d28bf8f-81fa-4ab9-ae54-87ea92f6fbf2,Backlog Report - Invisible
1d329275-898c-4fdf-aa48-13d50546d044,Backlog Report
1d32e78a-31b7-4e63-b684-8483107047c2,Backlog Report
1d33d33d-d957-47da-ac05-77b795378d83,Backlog Report
1d34681c-00c6-48b0-90be-d855b7612872,Backlog Report
1d533fd6-ddb3-4e24-af6e-c81a45535f50,Backlog Report
1d5580ec-bb83-4280-a6e0-57df81cbe241,Backlog Report
1d5c4659-e156-452b-968b-49b32d67d73d,Backlog Report - Invisible
1d874153-5c5d-4961-a496-639250f0cb54,Backlog Report
1d8a61bb-0628-42bf-86d2-72bb9c404508,Backlog Report
1d9e3266-17ed-4a91-befb-19ad286a5b22,Backlog Report
1dab0ae2-c2c4-497c-98b4-efaef1564247,Backlog Report
1de6b39c-c152-40de-be49-a0828011dcf4,Backlog Report
1de9c0cc-dd61-446e-bdf0-8575d5fae03d,Backlog Report
1df29542-4357-4016-a9f0-77f4253ea593,Backlog Report
1dfbc8c7-4275-4da1-82aa-d3befabcae96,Backlog Report - Invisible
1e37bbe7-4bac-4bec-94d4-1f4f12725998,Backlog Report
1e3aa6a3-83f6-4209-8d7f-9be2fd13ec12,Backlog Report - Invisible
1e3d55d5-1dc1-499b-85cd-cc24db46f81f,Backlog Report
1e40c984-8b2c-4806-8ed2-0a95d6efe2e8,Backlog Report
1e41224c-0ff5-4b99-a189-2762a570c30e,Backlog Report
1e43f286-9569-49a7-b1d0-8aea34c8aec0,Backlog Report
1e489129-e315-4a2e-8b8c-bf9f944e8842,Backlog Report - Invisible
1e48dbdf-6bbe-4e6e-a0d3-8e43d1dbd5d0,Backlog Report
1e5c98f6-eb13-44a9-ba87-93656b68db7b,Backlog Report
1e5d93dd-d5aa-4f1a-8d8f-ddc29d4745e9,Backlog Report
1e80d1fb-75d3-4449-a3d2-2c5cf2d85d4d,Backlog Report
1e85919a-5395-47d8-983d-64f3d97f4b45,Backlog Report
1e886a29-6c75-42a7-840b-2eda6356159a,Backlog Report
1e90eac9-1ddb-47e3-9f91-c77cf3454592,Backlog Report
1e944398-941b-4eac-a3da-8f3b5bc30f2d,Backlog Report - Invisible
1ea3e74e-dfc3-4ed7-a847-df4ca7673116,Backlog Report
1ea52d3a-1624-4123-bc04-e9de304a3b5e,Backlog Report
1ea61108-3649-44d4-a10f-21cd73e8b403,Backlog Report
1ea673b8-f736-4462-bf84-5a6eef5afe86,Backlog Report
1eaffb37-d331-43f0-984f-29b4d9d6d59f,Backlog Report
1ec2fa58-222a-4364-b841-1a293e69161b,Backlog Report
1ece7d49-baec-436f-978f-6301e0cc303d,Backlog Report
1ed986c1-0019-4ede-8121-5336fef1c77e,Backlog Report
1ee60f1f-a007-4a8d-b299-48b988e57e8d,Backlog Report
1eecb388-dce2-4bbd-8b88-138f69bd7f56,Backlog Report
1efb3a29-7a8b-4592-b0f2-d4c3f779a53e,Backlog Report
1f1f64ef-6b80-4077-959c-e546a1323b85,Backlog Report
1f317d0f-58b2-49d6-8f07-8288b799216b,Backlog Report
1f3751eb-4d5f-473a-8cd2-57f5594e46ec,Backlog Report
1f474fa6-9d1e-4ccb-84a3-0cccb273890b,Backlog Report
1f611a7b-31a2-4142-920a-c45af18c66e2,Backlog Report - Invisible
1f78b2f6-72ef-4c22-b1f3-a74376390871,Backlog Report - Invisible
1f7ab6b0-1762-453b-8b72-dd2f4befff0d,Backlog Report
1f852364-a278-4a16-98f9-8e6bdbaf522c,Backlog Report
1f91718d-b2a7-446e-9b5d-21e9f1b8fcab,Backlog Report
1f967b63-fbb7-4bd9-9f2b-66a00cbe4ab4,Backlog Report
1f97120f-eee0-47c3-acf8-d8427fa09a63,Backlog Report
1f9f6e7f-9d71-463d-9724-82718019254b,Backlog Report - Invisible
1fa125f5-c66b-4023-bd93-8e693172b1d1,Backlog Report - Invisible
1fa86c46-c730-4987-a3dd-3953b80efc10,Backlog Report
1fbff36f-eb58-4aa4-9c2b-b51675e658ad,Backlog Report
1fcc42dc-59ce-4d24-81db-27ee59299ef4,Backlog Report - Invisible
1fcf13ce-f802-46ae-bdb8-ae4ec572f556,Backlog Report
1fe6d3c5-7a2d-4755-96f4-93cd63c8bb9b,Backlog Report
1fed8506-188c-4209-88bb-f22aab80f615,Backlog Report
1fef8d23-ac3d-4697-b4be-cf7fc7050357,Backlog Report
1ff37482-5ee9-4d5c-a76f-83d6f0a342d5,Backlog Report
1ff55e9b-083c-43ed-b87a-865dbf7d9539,Backlog Report
1fff4de4-2f9c-4d78-b44e-f2e0be71f25e,Backlog Report
20054c2f-1e20-4e6d-9bb1-3e16fb7870b6,Backlog Report
200b78bb-08bd-450a-914c-f89e10d887c0,Backlog Report - Invisible
200ea222-ed97-4c31-95a3-0d3865789db2,Backlog Report
2015b8a8-4537-427f-9193-d24eeddb3d2a,Backlog Report
201816da-789c-4f2b-9261-5c79930c068e,Backlog Report
2049002a-9beb-4f42-89b5-56f994416294,Backlog Report
204a17db-7731-4daa-bd70-2cb7696e0950,Backlog Report
204b728a-ec9c-4e1f-bbed-46c088feb29e,Backlog Report
2059e8b6-7fd5-427d-87c4-3767a5a7bf29,Backlog Report
205bae85-31fa-4b93-a831-44854102d7b6,Backlog Report
205da8eb-6d5a-4ab2-a90d-c5601fa0abf1,Backlog Report
2061953b-cdbf-4bee-b1bb-c58b3e213b35,Backlog Report
2068a6a5-7e3f-4e93-858b-ab3c663c7398,Backlog Report
206ea83c-3c5e-477b-8d75-24d10c864a58,Backlog Report
2084c490-b627-4a29-a6d8-c55b856502aa,Backlog Report
20880cf5-fed9-4b06-bafd-edbb84c4b54e,Backlog Report
208dc284-afe7-4dcb-a843-6e674d448ccb,Backlog Report
20952cba-5640-48cf-820f-adec459e1d2b,Backlog Report
2096cae5-3f71-454a-8585-4f9eff5d5f5c,Backlog Report
20b7cb19-833e-416b-beeb-dcfdbafca36c,Backlog Report - Invisible
20b8f22c-3ad6-4a9f-806d-14e3d7c4979e,Backlog Report
20beac9d-a026-46ff-8a3f-a54c43e56eff,Backlog Report
20c4fc13-fca4-4022-9195-3e41fc4c42dc,Backlog Report
20c727eb-f1b6-467f-880b-c05287538cfb,Backlog Report - Invisible
20cdc9c0-7218-4ebc-839e-3405c1e7836c,Backlog Report
20d556d2-a10a-43ad-90c7-7e60d34afa34,Backlog Report
20d85365-4a8f-49b6-88c4-a31cf7eba195,Backlog Report
2100cd86-05b5-4eeb-a8f8-b79e145fe921,Backlog Report
21102d4e-2424-4209-add6-142a70ae86cd,Backlog Report
2113b436-fee0-457e-b3f4-bba4aa52750e,Backlog Report
2118483c-4253-4a51-9029-b8ffc15345c7,Backlog Report
212144f7-ab8b-48c1-9cde-1ae569083bac,Backlog Report
2129a437-95f4-41fd-993c-5113e7eb4cd5,Backlog Report
212cd139-0599-478b-936b-6568ae6e8391,Backlog Report
214e6286-678a-49f3-ba94-ce55071bdc3d,Backlog Report
214f8053-bb6e-4ce5-be7d-8a00f050d315,Backlog Report
2163159b-70cc-4913-b0aa-c2f46c767bc3,Backlog Report
216d5bcc-c4b7-42a0-af3c-9552a5e745d4,Backlog Report
21830d7c-6846-4117-92ff-e769476406d5,Backlog Report
218af9af-fee3-4c42-ab92-90e5a441b498,Backlog Report
21b9fe3a-72c7-475f-a39d-44cf3477c727,Backlog Report
21ea2fd9-317e-496f-97a7-1e72eb5504e5,Backlog Report
22029684-aab9-47c1-af32-e569d469a68e,Backlog Report
221fca35-c060-490e-a1b6-00410d57ce1a,Backlog Report - Invisible
222f2751-344c-4542-999e-d9182a668622,Backlog Report
22408ba3-e8d5-4204-a686-b60146827893,Backlog Report
22448d25-8633-4884-ba12-528a7b1ea291,Backlog Report
2258e059-9878-42df-a256-0119a55587ab,Backlog Report
2261f90f-f1c4-4ae6-9107-a16084e2fcf1,Backlog Report
226a2ff6-fac9-49b5-b867-2c0d9a443612,Backlog Report
228463c4-be63-435d-a4ec-ecd8e23630d7,Backlog Report
228788e9-aa75-4350-b281-52d080497145,Backlog Report
22886fcf-df1b-47b4-b0c5-bc89107a4729,Backlog Report
2298afa9-4909-4bb0-9105-1f555564557f,Backlog Report
22a67edb-c0a9-4683-a61b-1df0571a5ce0,Backlog Report
22aeb7bf-5f0a-45f4-889c-75a9e5e0a05d,Backlog Report
22b16f24-66c6-4f6e-8e94-1acafad71357,Backlog Report - Invisible
22c2be20-05b4-40b1-a541-186fcb1abb3f,Backlog Report
22cb26bb-9dc1-431b-82f2-18681b697b73,Backlog Report
22d078eb-cf5f-4442-bd44-6d4bb5bb8cff,Backlog Report - Invisible
22dc128b-1fa8-4deb-b674-4e5ae5739992,Backlog Report
22e15009-bfb4-4593-aeef-71fba080736f,Backlog Report
22f25d79-2bc0-46e6-ac84-6e7fccf4c34e,Backlog Report
22faba65-9ba8-45df-b08b-c0da479c9a7c,Backlog Report
230c1d6a-97fb-48df-94fa-236dda52c8d2,Backlog Report
23204357-d468-40a8-b49f-46b23b7dba49,Backlog Report - Invisible
2327aa44-1053-4988-962c-59b410fe2763,Backlog Report
232e18fa-4d37-4de5-b16a-563007ab6972,Backlog Report
233f59bf-c8b8-4f40-9623-feced35fb739,Backlog Report
2347fea1-3ef9-4e7c-82a2-e5cca25c9e78,Backlog Report
234c0b03-2c1d-4ef6-bb01-ef6952b3da76,Backlog Report - Invisible
2351206c-0bb1-486f-98e1-459dfa6c86c9,Backlog Report
2357f9e5-f5ee-4a2a-85d8-5b7818c5ac17,Backlog Report - Invisible
23676a46-d509-41d8-a3fd-adb026cb927c,Backlog Report
23a5d8c9-be3c-479f-923a-61608f9ce677,Backlog Report
23a5f736-fae0-43e1-88fd-914bd52be0a5,Backlog Report - Invisible
23ad0cd5-be7d-419d-8008-4b2f16cc5d5a,Backlog Report
23c5bba9-b333-43b6-b2d0-3e24745f6cd8,Backlog Report
23df6e75-f904-4d94-82a6-4d96dff42efb,Backlog Report
23e262cc-be51-4258-a2e3-e64875442a31,Backlog Report
23e71088-2a70-4441-a90b-0315a1d83941,Backlog Report
23ea389c-9b91-46eb-a53e-ae9633cb382c,Backlog Report
23ed0af3-223b-4c7b-9d00-4e7ab058e239,Backlog Report
23efa106-593c-453a-bae2-0f50cf77b6f3,Backlog Report
23fe8879-2594-4f4e-aeaa-4abd8aad652b,Backlog Report
240a701e-919e-4655-8874-7f8681df3030,Backlog Report
2413752c-46e4-41e7-b25c-d1745e9e39c1,Backlog Report - Invisible
241448e3-8475-4915-bfbd-5de381460290,Backlog Report
241f24b6-983b-4e4b-9e85-e9d64e70375c,Backlog Report
2429884a-3fce-46b3-b0e4-40ba4b71a204,Backlog Report
243a50c4-73ff-4161-ab2d-c576864c7509,Backlog Report
24790621-75ac-42b4-9de0-376f7c1282d8,Backlog Report
24880bc3-f7bd-4eee-aad0-150b006e4dfc,Backlog Report
248c946b-1e04-47aa-af24-ed9aa813b86b,Backlog Report
24a1cb7a-40b4-45d5-b9e0-6cc6ed621f1e,Backlog Report
24a4148f-f585-4da1-9e2b-90b755beaf8b,Backlog Report
24a75e90-1246-45c8-a9a4-13d9d12d19e9,Backlog Report - Invisible
24a9f56a-f8a3-4a10-962b-63db0125ca02,Backlog Report - Invisible
24b79d72-0c20-40c1-895d-78aca1d5f27e,Backlog Report
24bfcf31-6e6c-4bb9-9ec0-98d8a49297ca,Backlog Report
24d475fd-a8cc-4685-8baa-19d1d3577140,Backlog Report
24dc017d-15bf-46c1-9f29-f3f44c61b501,Backlog Report
24e5fa28-c4bc-4e1c-85b3-0db05a206571,Backlog Report - Invisible
24ebba77-b487-41bd-9384-d354335fe1bd,Backlog Report
24ff5147-4b64-4259-be2a-814490c58ebd,Backlog Report
2506ef5a-54cb-4532-b1c4-1d8b6ec90f61,Backlog Report
2514a6e6-e155-4e00-8290-a2afa9efdf66,Backlog Report
2519615d-62cc-48a6-a5d3-1ff5c3f58ed0,Backlog Report
251ecb46-ab0c-43a8-94bc-157c112f5ab3,Backlog Report
2532a5d5-8a0c-4a00-af5d-138a421b033d,Backlog Report
25362d9d-cdf1-4168-b944-d551fa9a2ae6,Backlog Report
2548012c-398a-40dc-a102-ec3f4b710064,Backlog Report
258fc609-9494-40c1-9e88-1a3e6bd570c2,Backlog Report
2591161d-6a08-4c83-b514-ada54cc1ba8f,Backlog Report
25958369-b854-459d-9123-8b9e587df757,Backlog Report - Invisible
259cc498-79a6-4f4f-98d6-32d56193fb11,Backlog Report
25a652ce-bb29-4d80-9b5e-2ca7ab43afe1,Backlog Report
25a9a929-40be-4731-b8c9-3cec15c23567,Backlog Report - Invisible
25b9a2e5-4e61-4602-839a-34a6ea86bcc8,Backlog Report
25c3a76c-2f87-494b-9abd-510f5eebb9f7,Backlog Report
25d0db6e-6f0f-42dd-af91-cfb980a93a9c,Backlog Report
25f58e7a-9c98-44be-9154-c68f80b4c1dc,Backlog Report - Invisible
25f92749-a3b7-4db4-8afa-3bfe0c3b014a,Backlog Report
25fff1df-744a-438a-9f77-22e3932b8648,Backlog Report
26216f60-8cd3-4c26-b1e1-f4ec317e9839,Backlog Report
26263d31-0b04-4dd3-a509-4d7322cfdd7d,Backlog Report
262c82a1-3ca6-4fca-8e1d-94a97891e21d,Backlog Report
262d50e1-981c-4c0f-9c3a-cbb3b0d4111b,Backlog Report
262e7c2c-75bc-4328-b02c-91742e78f98a,Backlog Report
2640643b-32e1-4a05-a0f6-ee21a3994ea7,Backlog Report
26459019-ca08-408d-b948-5f2d2a9f9b24,Backlog Report
2648e80f-1305-4ba2-8e88-07cd40182b52,Backlog Report - Invisible
264f1989-ef73-4aec-851e-591c3e2ef8d8,Backlog Report
2650ae5e-8182-457d-98be-bf9443a9557c,Backlog Report
26548881-8f1d-4c22-a559-da402707b5aa,Backlog Report
26626d37-a8cf-46bb-a734-51e97496de15,Backlog Report - Invisible
2662add4-d7af-4687-97d1-cf393fd8275b,Backlog Report
2670a1fb-5146-4b7e-962b-4fac8e677f53,Backlog Report
267c0594-c4d5-4be8-b70f-dcca3fbae719,Backlog Report
2692d9b9-64b3-4cfb-bd64-e6a6ceaf72d1,Backlog Report
269c3e2e-cdd2-47d5-afa8-6ea52f3d6e71,Backlog Report
26b15341-931d-4993-b219-1c7e7fb76660,Backlog Report
26b3f1e4-eb18-47ce-8c25-dfee838fa1cb,Backlog Report
26b429d8-8f11-4245-94f9-ea3594e8bd07,Backlog Report
26c2a905-a17c-4ca5-9f7b-c171a050c3df,Backlog Report
26c4b393-beb2-476a-bdaf-55f45c8ee1be,Backlog Report
26dd83fe-6946-466f-b121-ec8bc9adcc36,Backlog Report
271430f5-6c30-478d-990d-b3b178c2aea2,Backlog Report - Invisible
271456f5-c44e-430b-b50f-b6a6a7155147,Backlog Report - Invisible
272f71e1-a6ea-4d5e-936f-0f569df96492,Backlog Report - Invisible
2739bc0b-3635-479f-bfef-82966b35961b,Backlog Report
273ca038-c38c-4fad-8331-42fb945dd76a,Backlog Report
274f0ea0-432f-4758-a97d-5b9de1defd8d,Backlog Report
275f50cd-85ad-4b3a-a9cc-c85a0bd8e6b7,Backlog Report
27627770-6f5d-4f23-a0c0-d8a416607f41,Backlog Report
2777f823-eefd-4fab-853d-0edf153d7742,Backlog Report
277aac61-9251-4e1a-9468-b8cf6222de99,Backlog Report
277e51c2-a22b-4b16-adf0-96fb22a60e05,Backlog Report
2780deab-5a77-4305-a496-46b5d9e5fc5b,Backlog Report - Invisible
279a6489-511f-45db-a0fb-1b58bff7777f,Backlog Report - Invisible
27a3ce58-baa7-4e70-a471-8223d1b123c9,Backlog Report
27a4e629-a9da-4539-b9fc-8fef4f827904,Backlog Report
27b1564a-0639-4291-8e79-1866bcb562c0,Backlog Report
27bc0850-c5ce-4420-b836-30cfc30f8278,Backlog Report
27c12aae-453b-453a-8063-8f3724452f86,Backlog Report - Invisible
27ce3b21-f8bd-4e01-93eb-35b116a0bf61,Backlog Report
27e09a1c-f918-4e52-bdac-b45e8e489a70,Backlog Report
27e6d87f-a953-433a-b978-2a2822dd884b,Backlog Report
27f076ff-08c4-4f28-a8c9-0b7389f5a616,Backlog Report - Invisible
27f86559-3edb-429f-8081-1ad4acf5e0ac,Backlog Report
27f94200-629c-4b6e-b4c8-fa41b6c89b16,Backlog Report
28157bfb-2538-475d-8d5e-5ed8949abb7e,Backlog Report
2823d0a4-9024-485a-8649-9af5e7a03549,Backlog Report
2824c72d-ac23-472e-95e0-f73e60654294,Backlog Report
2826ac10-7c75-444e-9374-343b4224626c,Backlog Report
28354a21-173f-4fcd-a433-452196e455da,Backlog Report
2837108e-d614-4a7d-a10a-af852ee1e7be,Backlog Report
283f5255-caf6-4a1d-b59c-8b837c2ad5aa,Backlog Report
2847eb6f-e63d-4b78-b4de-440443ef92bf,Backlog Report - Invisible
285c5044-1e04-4b72-822a-97faab69209e,Backlog Report
286f5eb8-f9ec-4778-b910-5ed4f8bc16e7,Backlog Report
288d6150-0790-47b2-85b0-52e22d13f8bf,Backlog Report
289e0f21-9c1d-4a14-b312-d2ab85c9f87f,Backlog Report - Invisible
28a6a63e-6bd4-402e-9e83-7620edf3bb27,Backlog Report - Invisible
28a8a094-48fb-4ef7-8b65-415ed2407a63,Backlog Report
28dbd17f-b9cf-48de-b3ab-ce78ea780637,Backlog Report - Invisible
28dd3ecd-aea0-4a94-9e28-f6cd115c01e6,Backlog Report
28e3faee-c710-457d-961f-8bf0c54cb066,Backlog Report
28fa593c-e8f2-4799-8d10-f065d92e09d4,Backlog Report
28fe08ca-8113-4db1-b8c0-8c6303a6302b,Backlog Report
2901f26b-33f5-48d2-9bb9-2a3d0dc895d9,Backlog Report
29125075-f4dd-492c-97c2-cb4db1bcc8b8,Backlog Report
2918767a-2a81-4cd2-94c7-66baeac7fd04,Backlog Report
29248f33-95a1-4e34-9356-531aeb4931bf,Backlog Report
29279221-d148-497e-a4e5-d6e73171a867,Backlog Report
29474113-39c4-4e0e-8f53-6301b8360371,Backlog Report
2956bf1a-0b40-48e7-91d5-6bfac131c439,Backlog Report
29664bb2-5ae8-471c-9a3c-7bd8e51bb1d2,Backlog Report - Invisible
2968e2e8-fc2c-4d42-b321-c840de4be64c,Backlog Report
2972c1f0-ce34-442b-ba3c-a0b8b978ae4a,Backlog Report
29843e85-6a3e-4d40-b6e3-fceeb0adca93,Backlog Report - Invisible
298902b3-84d6-4f45-9a29-f8ebf9e89075,Backlog Report
29c4b7ba-d26e-4e7b-ab69-e7c0362d6d7c,Backlog Report
29e71143-5bf4-4405-b686-384edc82466e,Backlog Report
29ec835d-ffb3-425c-b68e-5473a398bd01,Backlog Report
29fdf8f7-4b6d-4a59-a592-ed1f3a739da5,Backlog Report
2a1768dc-862c-4426-9019-a3f09c05e388,Backlog Report
2a288a03-fb6d-4cf6-a505-050de4919b37,Backlog Report
2a2b6831-ac31-4a63-90a5-d312567ea3a6,Backlog Report
2a3905c9-7ce8-43b8-8ea4-4ffbad1a1d21,Backlog Report
2a463b53-722f-4d1c-8931-4725498d600d,Backlog Report
2a4be4c0-7b81-485d-8dad-fa8f932e4928,Backlog Report
2a5443e3-bd05-4a04-9686-d80d3bd5a12b,Backlog Report
2a59d17a-f554-4dac-964b-57c4a6a61860,Backlog Report
2a5a441a-a2f1-4dd7-9968-81331cf5e334,Backlog Report
2a686ded-5162-4fea-8fad-45258749e0e4,Backlog Report - Invisible
2a723166-ce83-4b9a-8c27-d2f43cf7fec9,Backlog Report
2a89c3a4-6e06-4063-b307-c31e6d97ba6b,Backlog Report
2a8bbf70-13b6-4412-8040-1bdd29eaea2f,Backlog Report
2a99d818-e331-4ac8-a01e-be207abd563b,Backlog Report
2aa5ab1c-f088-457d-9638-d7800b1bd091,Backlog Report - Invisible
2aa997f6-37a9-4941-b0f0-03ec80aec693,Backlog Report
2abb8727-a1a6-4975-813c-c81f198ba44e,Backlog Report
2ae702c0-36bd-4217-a74a-9f57e5501e31,Backlog Report
2b01e488-ea05-477c-93be-a9390e34ff55,Backlog Report
2b098d6b-6055-449a-8385-64e54d9bc2f2,Backlog Report - Invisible
2b1cabec-51b2-466c-a6ad-d004f2db370f,Backlog Report
2b2ede58-9881-4134-89c6-fdb8593c22f4,Backlog Report
2b40e8e5-74ea-4423-9e51-b9debfc68afe,Backlog Report
2b45f365-db71-4fcc-9a95-d086bdff4fdb,Backlog Report
2b47ad5d-9b9c-4a0b-b2ea-da80c4fb1eb9,Backlog Report
2b687048-5bf3-4e87-8ca5-36014fa45c43,Backlog Report
2b8da46f-4528-4410-88ff-e08d1b9acf25,Backlog Report
2b8f3234-9db7-4b4a-87c5-e3c5410d6029,Backlog Report
2ba27de3-4a34-4cda-b810-6d9885c42193,Backlog Report
2be3fa47-8f48-496d-8a23-8035f8f16ad4,Backlog Report
2bed2211-5a3b-4cb9-bbc5-393dd2047e46,Backlog Report
2bfdb991-22c6-4ab2-b342-e4a1523b8834,Backlog Report
2bfe3060-8557-47be-80c1-2fa390525aad,Backlog Report
2c0618e7-b0f1-44ae-8e8f-3cd69c939180,Backlog Report
2c0f5017-b5f1-4f60-9484-36f5184c0884,Backlog Report
2c2a9547-ab33-46bb-b056-4110783ea4ff,Backlog Report
2c2e79d5-3876-49d6-8946-1dff16c47aa7,Backlog Report
2c35a590-79d4-4c38-8818-fe13d6cb50ec,Backlog Report
2c543844-ff45-4bbf-aefb-de6d7ec4465c,Backlog Report
2c549ba6-7c36-4d98-8784-f893094dd9af,Backlog Report
2c6c9b51-64a7-4e64-8b9f-859d58e4b404,Backlog Report
2c764815-f6f2-48f0-a04d-be9bee8d7784,Backlog Report
2c7e29a1-2d79-490d-9eba-bc1844ce5f24,Backlog Report
2c82ee79-cf58-4e9d-a953-597fb6ebc613,Backlog Report
2c8bb772-85d8-48e4-89f2-b247b1ad7bd1,Backlog Report
2c9a126b-ebe7-438e-9a8a-63cf324d3f0f,Backlog Report
2c9a9a85-a502-4489-8392-0a32bd80f9e8,Backlog Report
2cade56d-61fe-4c36-b557-a543a4444625,Backlog Report
2cc36240-cfc2-458c-9687-2bbc4ec94c83,Backlog Report
2cc8d64b-54ea-4415-a643-d652129a2f30,Backlog Report - Invisible
2ccf0952-4f45-4159-b6cc-5be8f06c4529,Backlog Report
2cd10335-8795-4052-8529-6650ecf18b37,Backlog Report
2cd664ca-9471-4cd2-b0d3-9d19a499fb60,Backlog Report
2cf4bf86-0c88-41e9-a779-890433b65474,Backlog Report
2d08f5b2-2acf-4333-9642-3d2df30cda67,Backlog Report
2d2d0993-eb73-4904-b279-04db5cb59a59,Backlog Report
2d385597-2068-4eb7-beb1-b4d73d9f45cc,Backlog Report
2d422b3d-1065-4354-9464-b33a417ea033,Backlog Report
2d4cfbf0-26bf-489f-9f61-77b67d7843f4,Backlog Report
2d4ea5f4-67f4-4a65-acf1-a2541aee4e1c,Backlog Report
2d50a8d2-58cf-4cc5-87b4-267aa4c34240,Backlog Report
2d5202f1-5ef4-4c50-a98c-3a3f9297f59a,Backlog Report
2d5e8efc-bb65-4bd8-a5bf-e9c179695e6e,Backlog Report - Invisible
2d6018ef-87ae-4440-84a3-a72cc9701522,Backlog Report
2d874df8-8783-4e36-ba5a-06155c8bbb81,Backlog Report
2d989cde-6621-4131-ac0d-b0a7daa03748,Backlog Report
2da8142b-6782-4d3b-92ca-3f3daa98012d,Backlog Report - Invisible
2daa6e12-e624-47ee-9ae3-4c523ecd7eca,Backlog Report
2db40ef5-5c1e-43a0-ace4-49f5005c9c45,Backlog Report
2db5cdac-b93c-4cc0-9399-5643f0c60cdb,Backlog Report
2dbb5edc-238d-472e-9863-ad130eb89bdb,Backlog Report
2ddc9f73-6869-47e5-a181-6f5a09e8d7cf,Backlog Report
2df6cd0f-db13-4336-bdc1-79729ba12ed0,Backlog Report
2df79fe7-ad6d-4ea1-8cfe-54f77ce1837a,Backlog Report
2e0600bd-bf5c-4849-8102-5bbac70ae66c,Backlog Report
2e0ab689-4d96-4509-a559-b1296d84d1ee,Backlog Report
2e16c09d-1e2d-40c1-ac74-9d4fa0c31d8d,Backlog Report
2e2958d0-41b5-4bc3-b5c8-4eeb942d2b4c,Backlog Report
2e3fd396-b0e3-477f-9363-c6875d00784b,Backlog Report
2e416c36-aee1-4f1a-8c6c-7ddbe5d846e3,Backlog Report
2e608f9b-20e9-4b35-8d37-5b89df94dd09,Backlog Report
2e906030-e6ce-4ff4-92b2-ea930605297a,Backlog Report - Invisible
2e9cae7f-dd07-4c83-95c8-7598fa18f5df,Backlog Report
2ea09ad3-c062-495c-89ab-a273958b3729,Backlog Report - Invisible
2ea19983-3588-4994-b614-a3551d77ea05,Backlog Report
2eabb101-125c-4628-8dea-5df6c4950f0f,Backlog Report
2eaf8399-72bd-4701-934b-36325789bdc3,Backlog Report
2eb28850-2107-4964-ae94-d807f34a0184,Backlog Report
2eb983c5-c88f-44eb-8f37-c121db7afa17,Backlog Report
2ec695c1-f9c9-42dd-8173-e34faabbb4bd,Backlog Report
2ecddee5-9dcf-4fc3-83a3-fe2d23fa4d1b,Backlog Report
2ee3db33-3b18-42f4-b18c-f21fa5bfde1f,Backlog Report
2eed6c01-85bd-49d9-89b1-af90e6fa1cd0,Backlog Report - Invisible
2f0cdd15-65da-487b-ab06-7798fea5ec34,Backlog Report
2f23805b-7680-48d5-8b38-af5e43b2369f,Backlog Report
2f59ced1-692c-432b-bd0c-76069322bc94,Backlog Report - Invisible
2f7bb24d-efa6-42c9-846a-e12dd578cb0b,Backlog Report
2f8c9df6-3d90-4746-9881-7770772d8945,Backlog Report
2f95c4bb-6307-481c-9fe0-6228dba9dd30,Backlog Report
2f96b5cb-5aae-4742-9220-98aabbc0e497,Backlog Report - Invisible
2f9befef-cc8e-42da-bb3f-66aaf64394cb,Backlog Report
2fb5900d-bd7c-4124-98eb-d20692ea7cd0,Backlog Report
2fbb9e0f-24c9-43d3-b1a9-baa8bae1ad49,Backlog Report - Invisible
2fda59e7-da66-4814-a903-a7d40dfc3df4,Backlog Report
2fdfb0ed-ecb2-435e-8ec0-2320d29c47c9,Backlog Report
2fef7aba-8c74-41e7-9a4d-0b262bff11ec,Backlog Report
2ff06370-1b70-4655-96ad-5d311bcb4aa9,Backlog Report - Invisible
2ff46529-30ba-49ec-8524-962beac4560c,Backlog Report
2ff7a5a4-2961-4fba-8602-9cea2c4e48b2,Backlog Report
300c1414-f35d-4984-8ab1-f51600ed2231,Backlog Report
3017cd0c-9499-421c-b975-56b8f0487a59,Backlog Report
3030ebee-cc94-45d2-a9e3-00c3957d3f3e,Backlog Report - Invisible
303f1da1-911e-4255-814c-9d7d4f14e9e9,Backlog Report
30703b73-8b24-43b9-ad98-93f85d09013f,Backlog Report
3073e569-fad0-46c4-b329-92b66e183dff,Backlog Report
30792ff2-273a-44c4-a760-ca4a61295fd4,Backlog Report
30834735-5eac-4f5e-a8d1-8e641c81dddb,Backlog Report
3087d8d2-d4ca-43a9-89d8-bddfe63f4db1,Backlog Report
3088b4f2-12a8-42af-b978-5c9b8ebe28f2,Backlog Report - Invisible
308a0377-fafb-45f0-95bb-1bcca19814dd,Backlog Report - Invisible
309fd3b7-f687-484c-b592-f325ba73d379,Backlog Report
30cd9bc2-5321-4a8b-b7e2-351dade09519,Backlog Report - Invisible
30d66013-7949-4e04-a704-3b4f9ef5142e,Backlog Report - Invisible
30f16465-f103-4bf6-9c4b-c5c6c5a7cfc6,Backlog Report
31116f8d-e9b6-4a23-830c-d8d29d6bdb48,Backlog Report
311ce3aa-e351-4ceb-ae6d-14ea313f37d8,Backlog Report
3133b11c-45d0-4889-ba1f-c1eb300c11ad,Backlog Report - Invisible
313cc3fc-2455-4079-ab54-16f8cadf94df,Backlog Report
317acfd8-0ea5-4cb2-8079-7a7fc4e9cb83,Backlog Report - Invisible
317e5a41-8e97-40c6-b5a4-765e6ee2a859,Backlog Report
31830f43-4017-40b1-a088-cda49bc72a44,Backlog Report
318ec56e-0857-4bdf-9ed5-5ff2f6e5a615,Backlog Report
318efe9b-40bb-4cc2-b6df-edecc6029968,Backlog Report
319e9670-d62e-460c-8097-0b2b60eff7b0,Backlog Report
31b30192-ed22-4ecf-bc82-a5475885acf4,Backlog Report
31b5acbf-ab62-4023-9517-3ca8b2c6d458,Backlog Report
31bd1723-a579-495e-bdad-47f077671fe9,Backlog Report
31be20a6-bcb0-420d-85ad-db44bbba7a71,Backlog Report
31c14f2d-ce03-42e6-a2ba-77c539539f1c,Backlog Report
31c65c36-10a7-4c41-9018-9ba2d6b34a62,Backlog Report
31e05e77-f265-4e89-bb1f-280188dfb212,Backlog Report - Invisible
31e5ac91-9d3e-4fb0-8ceb-539244e62823,Backlog Report
320b3e81-fe36-40a0-9a3c-da93b07cebf2,Backlog Report
320b77bc-61a9-4f06-9bde-1eb177001a16,Backlog Report
32157e53-86ec-4bd0-971d-a009c783e488,Backlog Report - Invisible
3225bbdb-a15c-4dbe-bd7d-0d56d9a7fafe,Backlog Report - Invisible
326a0d3d-96a6-4898-9957-ef8cccf6b64b,Backlog Report - Invisible
3279bf1b-310d-4e6c-b387-56a82508e104,Backlog Report
327a2280-e8a2-4f8c-b4da-aec0becfbee9,Backlog Report
3285457f-0370-41a1-a4ae-3eb4c64c48f7,Backlog Report
3297a65a-5220-4543-8151-59ec8a1a034f,Backlog Report
329ca53e-d530-4ae0-a1f3-cd8baddc4a7a,Backlog Report
329d793e-9155-4a18-a913-2f8054501ff9,Backlog Report
32b2941f-f96e-4368-b198-452e0331eba3,Backlog Report
32c16b4e-7671-44de-94e5-5bc5e8d9e07e,Backlog Report - Invisible
32c70d1d-8751-4b6f-908d-8f0816d575ae,Backlog Report
32d43195-e913-4e55-a78a-fad815018d28,Backlog Report
32df023d-4368-4538-a63c-64ad171b14de,Backlog Report - Invisible
32e137cf-569f-4674-a252-004ceb873a15,Backlog Report - Invisible
32f3a436-4aaa-4a78-8540-99f44606048f,Backlog Report
32f5589f-966f-4214-a065-8a33207735e7,Backlog Report - Invisible
331f5937-fc57-42d0-b2d3-75c920630db7,Backlog Report
332c6067-fe46-4094-8a7e-9b444de4eee4,Backlog Report
33411e73-c686-4bbd-ad2e-2a5efd0d0b4f,Backlog Report
33568d36-1e9c-4fa7-85d7-97ee23ecc3a3,Backlog Report
3357d1ac-5807-4753-ba27-31d3c6ac02e3,Backlog Report
335db6c8-76f4-42f9-b0d2-7300b7531290,Backlog Report
335e79d5-9948-4b9e-b3fb-0220fe4ce0be,Backlog Report
33663da9-3671-4948-ae6c-ab23098de75d,Backlog Report
336bfcc0-a4e8-4397-bf4c-0f2141eeeffe,Backlog Report
337790fc-2485-43bd-add7-c9d08a46b252,Backlog Report
337c0317-ad71-4fba-b225-463a76df43c9,Backlog Report
338228a2-0ade-4854-9553-5416ca8046b1,Backlog Report
33897735-48dc-402c-9976-248f059bdd95,Backlog Report
338c5991-b7fd-4893-bf29-4afcab2995e9,Backlog Report
339c4313-afac-4a59-944e-bf015d8f44a5,Backlog Report
339dd878-e37a-4a1d-86c5-3d297699e11e,Backlog Report - Invisible
33b51ca4-1d63-42c8-877d-052fe410a7f7,Backlog Report
33c25195-224b-4201-8b83-d7cb163408dd,Backlog Report - Invisible
33c502d8-cb24-4777-b3c6-1133c074bcb9,Backlog Report
33d12af7-f108-4fa1-b6a9-638a4e4ea55f,Backlog Report
33d54bcb-e4e3-4c86-b54e-dcf6a854a6f8,Backlog Report
33dd6475-3f86-4009-816b-d666c9a717a3,Backlog Report
33e08452-010e-4971-b396-47083c71efa9,Backlog Report
33f1b38f-215c-4c04-969a-83bd12ddb356,Backlog Report - Invisible
33f1cc83-f410-442e-9ce9-a1bab94f3c01,Backlog Report
33f50861-ca79-4229-8aaa-87d737a8d697,Backlog Report
33fe766d-694a-43b7-8c7d-0cc01f47d3db,Backlog Report
3403b5f4-d3cb-4a61-9976-cc4eae6cf25e,Backlog Report
34400c26-0fe7-4b90-9766-2b07c9aa9be0,Backlog Report
344ae426-3742-4a31-bdfd-3363afd35cf6,Backlog Report
34507e60-e061-483b-b8a3-b853ee0c562f,Backlog Report
3455faee-7d6b-48de-a25f-fd21eadd746a,Backlog Report
3465aadd-c544-4436-a491-30207306e5a5,Backlog Report
346b4a4b-cbbb-4e6c-bfc5-e08638eec418,Backlog Report
346f5476-aee7-4239-b295-90a7d7d9bf39,Backlog Report
347b3a57-632d-4c7c-855e-8675882491eb,Backlog Report - Invisible
347d8b01-9f73-4c23-929b-064427885752,Backlog Report
3485158b-a44a-42f9-9b30-ba00287b93f3,Backlog Report
3487c09d-8c90-413b-92a8-ccfe2e5a7801,Backlog Report
348ad535-087b-4f20-8b7b-8c9662386fdd,Backlog Report
349bcbb8-1f97-4e1d-be89-9f627a5f4fb2,Backlog Report
34a248d3-c028-4242-aefc-1b09f9cc4a26,Backlog Report
34a8e5aa-6bbd-491a-9a04-a12758173ee9,Backlog Report
34aaf343-5f6d-4443-ae72-b53a29c41ade,Backlog Report - Invisible
34dfa690-c5ef-449e-880e-0aa3c35aa688,Backlog Report
34e1f50c-53ec-42db-8f91-2e9b1a2bc3b1,Backlog Report
34f9e44e-a35f-4b03-8bcf-b37a7479f957,Backlog Report
34fa9173-99e2-4afe-a638-401e9c65711f,Backlog Report
35101ce2-ce8b-4786-8088-950a62dcb7b1,Backlog Report
35178041-4a45-4379-a239-65100975e922,Backlog Report
3520c222-51a1-4fa9-84b1-e42c6ef0ce58,Backlog Report - Invisible
3526b7d9-536e-4499-b413-f73cfcd843d7,Backlog Report
35281c71-deee-4988-87a1-c4b9387665cb,Backlog Report
352a8a26-3158-439b-b6e0-4c9de6137e31,Backlog Report
35376f77-b66c-412b-8295-b5632931b1d9,Backlog Report
355d1b8c-1754-46c3-95ea-ab7b483b6fe8,Backlog Report
3563623f-f688-41dd-a54e-d36aefaa192b,Backlog Report - Invisible
356ba145-607a-4042-a202-ebd0d2c3f8e0,Backlog Report - Invisible
35a886a9-61f5-48c1-a189-7577db5bfc23,Backlog Report
35a93ccf-6815-47b9-85fe-41cd3085b51e,Backlog Report
35b2f763-844b-4a9e-8f8c-4ac8ba930745,Backlog Report
35b750e2-6754-4627-bcaf-fa38980e2cd9,Backlog Report
35bcb365-6a1a-4bc6-bd00-d15a8f55157c,Backlog Report
35ca3444-a69a-43a9-bcdd-55b9e5cad96c,Backlog Report
35cc19a1-3b74-452e-8dbf-f7f239e09e1f,Backlog Report
35cdd958-1139-4706-8f87-cff70767f37c,Backlog Report
35cf7b32-4c29-4cde-b6f3-6ac62a3e548b,Backlog Report
35d3a039-43b7-43bb-b495-b0bd5d7f7c7f,Backlog Report
35ee6a16-2f07-475a-8653-46d42be80c8a,Backlog Report
35ef0f08-4e52-4f5d-81eb-4ace6f7ad3b7,Backlog Report
360254b0-3205-45f8-afd6-3ea1c959607b,Backlog Report
3610a24e-0418-41d1-a08a-de16e07066b3,Backlog Report
36128b18-d6d9-40cd-b522-d4a9a5fef511,Backlog Report
361767b2-fe52-4e41-ac76-8a101366d2ab,Backlog Report
3632d0d3-e22d-4aa7-ada5-4982fe6e3b6c,Backlog Report
363f9498-8a19-4523-a2c6-26019bac4579,Backlog Report
364db631-e209-42e1-b2e8-2867d24cc5ec,Backlog Report
3673389f-70bb-4efc-a4ef-fab3298d1e46,Backlog Report
3677cdb3-458d-4169-9340-9e50d3bd5f68,Backlog Report
368fced1-0185-4bd5-bff8-7cbcf4515a25,Backlog Report
369b4b3a-0040-4214-a0b0-77d13f72555e,Backlog Report
36d3b874-5ef3-4d44-bcda-f3b66ea82dbe,Backlog Report
36d5e10e-b3af-43c9-a116-51295f5b417a,Backlog Report
36da9269-2f3e-4d30-893b-b06728ca23c4,Backlog Report
36eb987b-218f-406c-b902-4ae12b5e668c,Backlog Report
36f023f9-1b64-40f5-a419-2d95a0c08c52,Backlog Report
36fbe664-e60a-40fa-9bb3-36b2a22a0a65,Backlog Report
36fd7dbe-5068-469e-97cd-f493ca0eb993,Backlog Report
37029815-f0e6-4321-8892-c7bac50d831d,Backlog Report - Invisible
371bf25a-c85b-4d67-a5f5-a4c8cea8a8db,Backlog Report - Invisible
372c4578-b9bc-4fda-95ef-e0b6aedea615,Backlog Report
3732a86b-39e6-4903-8fc7-ccd829dfc65c,Backlog Report - Invisible
37389f71-8460-407a-986e-7061c423108e,Backlog Report
3751cfa0-c153-4b31-8c48-d360617e06c6,Backlog Report - Invisible
3777546d-77ee-4f89-aeb3-2b732354b3c7,Backlog Report
3778bfb8-57fb-4ade-b6c8-6faf4c18e79e,Backlog Report
377a3524-c281-4ef8-ab01-05c188c9f770,Backlog Report
379082fc-ffa3-4b9a-83fc-c90b88da7f71,Backlog Report
379aa5b3-c2bc-49e7-8e4d-d24b9406b914,Backlog Report - Invisible
379e8eae-3d16-471e-ab3e-e00733dac886,Backlog Report - Invisible
37be950c-cb3a-4e88-977d-1747b2770252,Backlog Report
37d3e9e9-108b-43c3-8fd4-a1ddc050d803,Backlog Report
37fb6dda-e807-474f-86ae-05ff93dd78fb,Backlog Report
380ebee9-0140-4513-9504-030e007f05c8,Backlog Report
38180190-2696-4176-803f-624c66c1d1e5,Backlog Report
381b39c4-17b2-4f17-be34-0eb96cb025af,Backlog Report - Invisible
3823c06c-0fa4-4592-9b74-8d9a88394929,Backlog Report - Invisible
38592f15-c090-493f-9eda-60e04962c796,Backlog Report
38726a42-fb84-4562-aa0c-828a0fea3e5a,Backlog Report
387489fe-2a84-4238-bc2c-fc45c1882a9a,Backlog Report
38877ab4-c0e3-41cb-a375-d9a265a49049,Backlog Report
38a05e7f-ef00-482d-81a1-a8a5ec0bf90f,Backlog Report
38b7eeb4-4bd7-4b4c-bf38-f33c287b29b3,Backlog Report - Invisible
38d6f487-d5ba-4109-a5d2-a5a67656a377,Backlog Report
38e7a12c-b197-4107-baa5-22a5b0d3912a,Backlog Report
38f2b381-88aa-4c8a-949f-e7a62bee496b,Backlog Report - Invisible
3901c6ec-2bd9-423c-a7f9-24a104dcd024,Backlog Report
3912f8d0-3eab-4a68-9607-d352ffb76819,Backlog Report
39223ff6-ee30-4914-9f95-d72bc733b355,Backlog Report
39232021-d865-4d7d-a106-b28d13351d5b,Backlog Report
3926b1f6-ba14-412a-91c6-3dd40ada6bfb,Backlog Report
39276279-f522-4b1e-a836-2055701f92c6,Backlog Report
3930bbd7-644f-483f-af91-c71ca9276c56,Backlog Report
393e6a08-a5da-46aa-b832-69e014a2db79,Backlog Report - Invisible
3950da93-35e9-4f0c-868a-6ab5c13c2bf2,Backlog Report
39523966-701b-4dde-aa89-6d1cd18f3492,Backlog Report
39557af9-8864-49d7-ac81-40ff3d5c3174,Backlog Report
395b2366-16fd-421c-96b6-0c6ab86e61cf,Backlog Report
3969a7a4-e45d-4828-b579-b892e2d96e2d,Backlog Report
3969e83f-3fc1-47e1-acab-83c772dd2adc,Backlog Report
39870390-7200-46c5-bd43-3c6f3967bcf2,Backlog Report
3996a14e-d903-470c-8edc-bca5fbd16cd8,Backlog Report
39de78ef-0f07-4cab-af7a-dda3f36332f6,Backlog Report - Invisible
39e29b70-278d-4108-8537-4bdcbc7939c9,Backlog Report
39eea81f-bb16-4ec0-9329-b9bba0803ca1,Backlog Report
39f73750-775e-45d1-9c10-af2d8b802be7,Backlog Report
3a01efe3-a4bd-49ca-9daa-96df27606c54,Backlog Report
3a15eefd-883d-4b56-bf9c-4054c693c677,Backlog Report
3a19d3dd-5e8a-408e-93a0-0a45d7ce5587,Backlog Report
3a2e1af9-e417-41a5-9538-ca717397a8f3,Backlog Report
3a422170-ae4a-4f8c-a0e5-6bc218876eba,Backlog Report
3a4ad104-c94d-47fe-af87-9564611d551a,Backlog Report
3a5160a1-bce4-4da4-a85d-fc32b0f47c1c,Backlog Report
3a549c29-f3ca-43d8-9372-d8d91693e48b,Backlog Report
3a5f314d-43f1-427f-a848-f9837c216434,Backlog Report
3a68a875-14a4-4fc7-979e-18c613bcb71a,Backlog Report
3a6dd9e1-0283-4703-81a9-24da834a91c6,Backlog Report
3a71549a-460e-4e44-85f0-7fa6e47794b8,Backlog Report
3a79fd19-8f91-4748-aacd-b96f9b389224,Backlog Report - Invisible
3a821aec-8208-4e7b-ad14-16e8ce72c96e,Backlog Report - Invisible
3a9f5bd1-590d-42d5-9228-8aadcc3bddf9,Backlog Report
3aaa7403-f8b3-491b-b755-fd6cf19fb9e4,Backlog Report
3aaf5a49-2002-4d62-a0bf-132aca2e596b,Backlog Report - Invisible
3aafb7fc-a1c7-4316-b5fe-57271cec1e47,Backlog Report
3aafc714-79e1-4ba3-b0c9-fd669685dbfc,Backlog Report
3ac781fb-bd88-4d56-929a-3464b6d7ac94,Backlog Report
3acc862f-8d8e-4ff3-99e3-c453b6fdf146,Backlog Report - Invisible
3ad1aa46-14b3-4b66-bb9e-00b2defd2203,Backlog Report - Invisible
3adde6df-9611-4908-981d-79631368ccaf,Backlog Report
3aec5843-ecf4-4a96-b604-2e5cf183ba1f,Backlog Report
3b025197-8853-4fb2-94e8-8dd042c6e7b0,Backlog Report - Invisible
3b0ac5c1-df40-4d3b-afa3-cb0dab54a8bf,Backlog Report
3b16f307-3537-44b3-939d-0c508dfc8590,Backlog Report
3b19b539-5c91-4e8f-bb01-8ca7282425b1,Backlog Report
3b1a1998-d81f-41d2-b6d1-95195110e488,Backlog Report
3b1a5950-066f-4541-b3eb-7ed8f5dcf6fb,Backlog Report
3b1fc8ca-5aa9-4e39-9ceb-a0b766b1b667,Backlog Report
3b2819d2-9502-418f-a8ae-6abaa2f2aedb,Backlog Report
3b34ca9f-c5a2-4c6c-bc0c-492cbe00f8fe,Backlog Report
3b36117a-eff7-4202-b9b6-c143eba63bc7,Backlog Report
3b3a9fac-e79f-4fc8-a207-889e1d3c6a47,Backlog Report - Invisible
3b4011dc-2b75-465b-afaf-5d588dbe5f58,Backlog Report
3b485f29-9c60-4457-9ae9-0fad8936a25d,Backlog Report
3b5c3e7d-9abb-4afa-8f2b-04774cf67d56,Backlog Report
3b70ed37-d816-4b97-83bc-4c05a9c7cc7f,Backlog Report
3b7585ee-abf4-4b58-93c8-ba8920e58128,Backlog Report
3b7ee91e-eadb-4b5c-ad6a-bd5230e39f84,Backlog Report
3b7f06b5-6e6f-41b7-b75f-bc70f78e4044,Backlog Report
3ba43d7b-5fa6-4c30-921a-bbe1e4c58568,Backlog Report
3bb1c979-8606-45a3-8572-64e95173f1e9,Backlog Report
3bb9fc68-07ff-44ce-add5-832d943e6ef4,Backlog Report - Invisible
3bbef9f4-9e4a-43ed-9d7a-5300cd5c03af,Backlog Report
3bc8ffd2-b0f5-456f-b821-49530077cb42,Backlog Report
3bd79ed5-c399-418f-a74f-f5e573b60d2a,Backlog Report
3be00332-7fe1-4957-ab47-0d0e2fcc280a,Backlog Report
3bebccb3-16d1-46f8-98cb-267d64a15615,Backlog Report
3bf6389f-e67d-435e-b1b6-4b07e5e6ee50,Backlog Report - Invisible
3bfdb99a-a647-471d-b216-dc84ac9ecf9c,Backlog Report - Invisible
3bff72ce-544a-42e9-98eb-2e35a39eac00,Backlog Report
3c070b0d-6ede-4437-8fb2-43412e254a33,Backlog Report
3c1758cf-b784-47f0-9a9f-aa54cb0ab3ad,Backlog Report
3c29f392-7c57-4a3f-86f9-0b7c86406228,Backlog Report
3c39bbf1-3163-4185-9074-1efb02d30c9e,Backlog Report
3c3bd021-cdc9-4f9e-bf1f-8b8a4a3c4eb3,Backlog Report
3c3eda31-d604-4be8-a153-aa3feca80f03,Backlog Report - Invisible
3c43d2c8-db3f-4fe3-b04d-2b7fc97f1d22,Backlog Report - Invisible
3c7c0ae8-c460-4fcc-b96a-1b1832ef4ca3,Backlog Report
3c7d56ea-06c9-4733-bd96-2fc189ef8f6a,Backlog Report
3c8bd6fc-6fbc-4c20-b8d6-e642c099a03d,Backlog Report
3c8c612c-0021-4c4f-8c76-b1bac1ba7738,Backlog Report - Invisible
3c8cd91a-147f-4263-9446-14d94eea5699,Backlog Report
3c9a1f36-5bc3-4522-94a8-e3e5c72beddb,Backlog Report
3c9a78a1-ab50-4ae5-8855-f46c88dc6a2a,Backlog Report
3c9baf93-c248-4cf7-97a4-0a47a2af2d8e,Backlog Report
3cde7831-afde-48f2-b234-4e1ae646e5ae,Backlog Report
3ce378ca-b041-4ffb-9d1e-d53fd8608d6a,Backlog Report
3cebe769-631d-49d3-b492-96b47198c554,Backlog Report - Invisible
3d00e939-0a0e-45f8-9566-eeea431a5a25,Backlog Report
3d028562-78d0-46eb-8bbe-a35f3018f046,Backlog Report
3d02e7f9-6414-4445-b961-cb51aeaf4303,Backlog Report
3d0fcf30-e8c6-47db-94bb-b94df295a155,Backlog Report
3d2130b7-f487-4a2b-929b-78e3165ba34d,Backlog Report
3d29a9c5-65f7-4875-a466-53d78d062709,Backlog Report
3d2a0551-136b-4b41-9de3-841a987df5ec,Backlog Report
3d2b4d67-8f1f-4ae5-abf5-b27a37af37bd,Backlog Report - Invisible
3d5779ed-a006-4c89-8c2e-63f3b9eda28a,Backlog Report
3d68b011-2b60-4ba2-b01b-062289f6ad84,Backlog Report - Invisible
3d77385c-fac2-4b89-ac1d-e365389d3979,Backlog Report - Invisible
3d9cb7e5-f87d-4d83-8651-a04d179ff972,Backlog Report - Invisible
3da2f440-606c-4908-8664-ae07237ea7a5,Backlog Report
3dc706dd-d662-48b2-ba7e-d643456c22b0,Backlog Report
3dccb4ef-6caa-45a9-b4d5-6df32a971d3f,Backlog Report
3ddd77d4-0151-48d9-8c4d-097f2f7d3cbb,Backlog Report
3de9f5d9-70b6-4229-b548-01e62e3640b8,Backlog Report
3e07621e-8cc9-4429-b1ba-38dbe0ee2f12,Backlog Report
3e0cf6ad-20e8-4605-80a2-ee2feac95131,Backlog Report
3e18affa-9f55-4da0-b599-d485483b2845,Backlog Report
3e39a772-57c4-4f1e-b801-b1ff273b8de5,Backlog Report
3e50aa47-33ce-44a4-a413-b014b0c571c9,Backlog Report
3e90353d-7a69-4b1c-b5be-8dac025b4396,Backlog Report
3e97c5e3-ce23-4322-a37d-9a98035bb9e1,Backlog Report
3eacfd56-dca6-4ba4-88b2-3c6dee33beba,Backlog Report - Invisible
3eb32cc3-d087-4cd5-9f68-97661980ae43,Backlog Report - Invisible
3eb49018-66e3-4577-87c8-1571457f2a96,Backlog Report
3ec04953-ab16-4edd-96cf-6674b0342fb6,Backlog Report
3ec7eaba-edcd-42c8-bf4c-823acb78ec76,Backlog Report
3ee9eb03-fa63-4520-9b72-ad71d7c63e47,Backlog Report
3ef70b68-d0dd-4551-af11-11ea59be17c9,Backlog Report
3f14219a-045b-4152-8654-8a6829cfa116,Backlog Report
3f1b3fc5-d751-43d4-87a1-8a8e1da803e7,Backlog Report
3f3ed769-1c83-4f9f-bab4-4dd2396bc051,Backlog Report
3f4caaff-bf6a-462f-a47c-facaf40fa113,Backlog Report
3f5f75ab-4973-4799-b63a-5e3f7eabe64b,Backlog Report
3f6d5b94-be1a-4734-91b0-89c6ce50f9cd,Backlog Report
3f81edbd-9e0f-4cf6-9468-290f507a741c,Backlog Report
3f99a7d7-f8ae-4c25-8d2e-2258bddc1da4,Backlog Report - Invisible
3fafab04-d735-4cae-9673-77b5b53e20fc,Backlog Report
3fcbe7b0-53be-4c93-9719-d4f444b6a608,Backlog Report
3fd2d824-bf18-469e-a93c-0c4a7cb7d6ec,Backlog Report
3ff463ac-7903-421e-a458-e464993385d6,Backlog Report
400551af-364f-4aec-a0d4-be4850999ff1,Backlog Report
4014ac61-a836-4c6b-bd01-407663a6ba3b,Backlog Report
4017ac58-1cb3-4316-a8c0-3f2995994c96,Backlog Report - Invisible
401b84b9-d5de-4d40-9bc2-5fcc1e39d030,Backlog Report
40336954-3d1a-4022-b2d2-f42cda4822d0,Backlog Report - Invisible
40344fb4-dfe0-4edc-85ad-00c0f78431f1,Backlog Report - Invisible
40438990-5839-4409-a2d6-58d7ca0156f2,Backlog Report
4051b811-1d30-4680-832c-bffaf047d320,Backlog Report
40705be6-fc09-4457-a4b8-53cd1125e816,Backlog Report
407d471c-1b05-425e-9850-57748d8e3ddd,Backlog Report
40807521-4638-4a7f-b1d0-51c176d7ada9,Backlog Report
40899986-2d44-4d0e-82da-89dcc57325e2,Backlog Report - Invisible
408a6fa1-061c-419a-b732-c7981f3b05e9,Backlog Report
40c58c81-46d0-4f5b-8c96-7f4c5a34550d,Backlog Report
40cb43cc-a66a-47ca-adde-bb3aa9b0d950,Backlog Report
40f2a0d0-762e-47c4-9413-594256e4d5ee,Backlog Report
40f2ce7c-9069-4d2c-8e46-af35d5c0fbf4,Backlog Report
40f850f3-bbfe-402e-a671-fca04ef15440,Backlog Report
4114b6e8-0346-4001-ad4b-0829a58fb964,Backlog Report
411f19bd-8e6a-42f8-a510-16861cba942c,Backlog Report
413563c6-d470-4510-8885-b6a9fa15fda4,Backlog Report
4142dd0e-5afe-437c-b4d2-4ff9dc456880,Backlog Report
41557646-df5d-4494-9e8a-71fb40bc2f97,Backlog Report
41646775-edd9-4615-a479-0a81f32aa2a7,Backlog Report
4182890b-e7e8-4a06-94a6-0ccd1b3ed632,Backlog Report
418fdf29-0f04-4c54-875a-9830be487fd6,Backlog Report
419c9436-8305-4dec-91e7-87bf1193bb6f,Backlog Report
41a4675f-8346-4421-bb2f-c1741fa799b8,Backlog Report
41af0779-291d-4fb4-857c-827363d5be0b,Backlog Report
41b6148f-fffd-470b-b9ca-bf797457df1d,Backlog Report
41c98811-33b3-4aed-97c3-f36755730377,Backlog Report
41d31393-32d0-43cb-a73a-2274614f8b09,Backlog Report
41d7d669-85df-4c1f-80eb-bb87202846dd,Backlog Report
41ef72e8-80c1-4452-b9ea-d1e99ae07e82,Backlog Report
41f05459-f3f9-482f-8bea-0b619ee5dc46,Backlog Report
41fde194-d381-4200-a2e9-04793941d5dd,Backlog Report
42134ab5-ef6a-4cca-b345-3bbf50d44222,Backlog Report - Invisible
421b7ca9-3f44-4870-97c5-affd41b7d239,Backlog Report
42250f40-db45-4262-bbc9-9b145e87a428,Backlog Report
422d9910-ad02-4949-b564-e4750e5cff91,Backlog Report
422e1c6f-ea93-4f56-8475-916e6a11f477,Backlog Report - Invisible
42336b8c-49e0-4449-be98-d8f7f4002c55,Backlog Report
4239dfaa-739d-43d5-8091-7a8dfb94ef09,Backlog Report - Invisible
423a3e98-25df-48e8-8bfb-beeb70bb9a3a,Backlog Report - Invisible
423d0485-4cb6-4377-bd31-666aae9c5d87,Backlog Report
4241a04c-d06b-48ae-b278-d73652a2aa97,Backlog Report
425917cf-5b4a-4f35-8a7b-5440b288cbda,Backlog Report
426cbe3b-72dc-4425-891c-3220a4e1ad9d,Backlog Report
426f63db-2aec-454f-bd45-feb90c99ab90,Backlog Report
427a2cee-208a-420a-9494-9b7c80a09eb9,Backlog Report
427c39b3-7a2e-44a6-a5a8-b8b6663fd2ec,Backlog Report
4281bb4c-df60-40a5-afa6-458616d10be4,Backlog Report
428ce366-b6cf-4b86-a986-a7724a6ff478,Backlog Report
42912c16-8977-4342-a78c-7946e36fa167,Backlog Report
4295d1da-7d66-4878-a329-e64c7457b9cb,Backlog Report - Invisible
429a9078-d80b-4706-be03-af2e8bfa1826,Backlog Report
429fe0df-6178-4ebb-9d68-f8136ff85519,Backlog Report
42a0de1d-f055-4a2f-88cb-96e23ee3d1da,Backlog Report
42a351df-587a-4329-ba09-916a2d41d192,Backlog Report
42a3a660-5d88-494b-bcb7-ad01a262467a,Backlog Report
42aace3f-5483-4b20-b20f-6445ef77e8ca,Backlog Report
42aff33e-b03c-4eda-83b9-b6fd96760284,Backlog Report
42b9d6b9-b87b-400f-bbc8-8f503cfaab56,Backlog Report
42c5b1d8-2697-4d89-8d8d-8c8e0e890ea9,Backlog Report
42d04049-f97e-493f-aa79-6ddc44130f35,Backlog Report - Invisible
42d7f43a-a372-42bb-849e-35eedeb1f657,Backlog Report - Invisible
42dbe059-587c-4717-a119-8d2e5323605b,Backlog Report - Invisible
42ed83fb-dfbd-47b3-96a6-cef738cfcb8d,Backlog Report
42eec8eb-dacf-4c75-bd2d-788978be780c,Backlog Report
42f80c2a-bc12-4b96-b48e-fa18ac357adf,Backlog Report
42fef13d-57bf-4c72-8858-f4d0d0eae302,Backlog Report
4305483f-789b-4e5e-8d1a-9b97c0dd1555,Backlog Report - Invisible
4314572b-f5c3-4ccc-88c5-60b67116e41c,Backlog Report
432183de-b755-4161-bf20-af9289631efd,Backlog Report
4329e4b2-b0c3-483f-aca2-70dcb3a8d0ab,Backlog Report
43472028-05ae-4924-99ee-840827920333,Backlog Report - Invisible
4357766b-d647-43fa-a149-99e900b20946,Backlog Report
43783bd4-7ad9-43c8-b985-4b29f40ec263,Backlog Report
4379f27e-527b-45cb-967d-9df2dd438c1f,Backlog Report
439abf84-7ff3-4388-b223-7661ab3366a6,Backlog Report
43a8523c-c9c6-4b12-b241-26d00e91a59e,Backlog Report
43ad676f-8e88-44f8-8f0a-923c55141381,Backlog Report
43ae1f53-68b6-4804-a3e1-bdfb8b64c204,Backlog Report
43ba2db6-15be-425d-a1d5-75ab943a01e3,Backlog Report
43bb126c-a595-49ab-b8f7-c0fbfe9677c9,Backlog Report
43ce10fe-fa3d-47d6-a16c-817fb288a9c7,Backlog Report
43cfb513-290c-45d0-a257-474336951543,Backlog Report
43d85bc1-6081-4a7f-82f8-96fa40c75923,Backlog Report - Invisible
43dc8fb1-3464-423c-9d8b-00c021d6c392,Backlog Report - Invisible
43e816d4-0368-447a-b332-180bfa65e1ce,Backlog Report
43ee9dc7-e1b5-4e1d-84d4-b6c5daabbfef,Backlog Report
44044827-5968-415b-84de-859d577a1c48,Backlog Report
4417841e-a215-418b-b950-2520d361dcc1,Backlog Report
44392ee2-ab70-42b9-8edc-987feaf3cade,Backlog Report
444a7627-f227-426d-b9a5-e42854de6057,Backlog Report
445366e5-48cf-4f79-b8ae-446bb2948080,Backlog Report
447d83a9-4355-420d-b381-a9eb085d4039,Backlog Report
447f0940-f3a1-456e-be6c-96ddc5176280,Backlog Report
4482492e-8a41-4bbe-9516-4e0d77f4230e,Backlog Report
44827ab5-fc10-4ca7-9a00-6fb8d6ef7d94,Backlog Report
4488deac-3c55-4a0a-a1e1-373f76f8698d,Backlog Report
448fa0eb-e3f3-4299-84b6-433d6d26e739,Backlog Report
4495057e-c78f-4ab9-8b40-ff8178607f68,Backlog Report
449ad82d-241c-4b0a-997b-210f976ccd8f,Backlog Report - Invisible
44a908bf-6065-4ada-bae7-85d1c5b7005d,Backlog Report
44b25d3e-af83-4961-b55e-0b40e990f5fa,Backlog Report
44b633be-9ac6-4c9f-8772-5cf1589f30c0,Backlog Report
44ba8c57-c0d8-4ee1-8eee-7f3783c9db47,Backlog Report - Invisible
44bab06a-1ecd-44de-ba72-56d3d996c697,Backlog Report
44cb9cf5-5ea4-4167-8790-967ee3dae074,Backlog Report - Invisible
44db522c-ca1f-40e9-bfb5-23c8a05a341b,Backlog Report
44dea3d8-8c34-4575-8240-f91ce40774e2,Backlog Report - Invisible
44e6f99f-b2f0-43f3-9c0c-65f20bf78702,Backlog Report - Invisible
44e79150-751a-495f-b89e-7bee34ea9d72,Backlog Report
44ef706a-1760-4436-a374-004caaaba13e,Backlog Report - Invisible
451417f8-00f9-4bbf-90be-7a825dfe0ccd,Backlog Report
45357478-8d09-4e29-9156-82e71a8980fa,Backlog Report
4548677e-f3e9-478e-9083-11f48069d87a,Backlog Report
454e7293-fd9b-4fe9-8c4a-f42de8f79249,Backlog Report
455eb7d6-da52-410f-90a6-deebb69605de,Backlog Report - Invisible
456c812b-556d-4740-81f2-1f58d6eb3531,Backlog Report - Invisible
45c14f97-0c20-4bda-b62b-733ffd491510,Backlog Report
45cee3f6-7563-47af-ad99-aa44b8f00a7d,Backlog Report
45d2d65c-614d-4ae3-b50d-25584997ba95,Backlog Report
45dfed28-68e1-4b8f-8464-71347ad10723,Backlog Report
4608c20d-82d8-4d06-bc0f-d4e6887b5d3d,Backlog Report
460aa388-9277-4257-94dc-74c047bc44a5,Backlog Report
46120ee7-b377-42a0-9cfa-2015ace09f0e,Backlog Report
4612d708-9555-4d1c-8af3-639a1ef30e49,Backlog Report - Invisible
461e9903-245d-4b7c-bdf9-45be2f2356f3,Backlog Report
465c7065-5c3b-4555-962f-f3aa829c9d74,Backlog Report
4661862d-cc83-4fc3-9b50-0032bf4f3fd8,Backlog Report
466f8f4f-efba-453d-81aa-aa4263ccba31,Backlog Report
4673161c-464d-4873-aa60-cb4f66d00b53,Backlog Report
467c73a7-e9c3-4fb5-ab0f-9204850140ac,Backlog Report
4682417c-614b-47ef-bfa2-ab373cd0a50f,Backlog Report - Invisible
468695b9-9135-4e44-afe0-a9f2c8d38d08,Backlog Report
4686defd-e540-4c1e-8ce9-a0c36bbf2500,Backlog Report
46966c89-a230-46d1-a324-577cf38b2463,Backlog Report
46aae955-1e25-4332-b7db-f17dc89e4eee,Backlog Report - Invisible
46b7463e-3872-4833-bd32-b926aedf63c4,Backlog Report
46b86a7d-e75e-4bdc-bfb2-8badcbf4b269,Backlog Report
46bed9a6-c872-4816-958a-bbd7f2c67e03,Backlog Report
46c4d3ea-a55f-4bea-98a0-9f79b2527b2c,Backlog Report
471d99e1-5234-4905-a2a7-978ef09ddeb4,Backlog Report
4721662f-458e-4957-8e3e-30d1bfd6d9f1,Backlog Report - Invisible
4739fe51-65c0-44ba-b965-4cecd1fb3ee7,Backlog Report
473d0d6b-fbc4-4a24-aa99-98f1eca89d8e,Backlog Report
4747c6b9-bcbd-427d-b211-cc515a498487,Backlog Report
475ac00f-fb63-425d-ac3f-935c5e44cee4,Backlog Report
477f98b2-9c81-4430-9fbe-41d331c87a43,Backlog Report - Invisible
47855744-cb00-4f15-bf14-76a28e1df7d5,Backlog Report
478b0141-f13e-4ec3-9bc6-df10b754bcf6,Backlog Report
4791cf1e-f44a-47f2-86bd-422efb1d4d26,Backlog Report
47980f74-4e67-4d86-9e7e-a4b596492c01,Backlog Report
479b9e71-c76e-4400-b988-9baf30e75e5f,Backlog Report - Invisible
47ad5d31-4c40-4985-9da9-715aeb5a6c12,Backlog Report
47b0cb89-6e2e-4a3a-b19a-124829743368,Backlog Report - Invisible
47cf1782-f846-412f-9f06-fa2e451f9692,Backlog Report - Invisible
47dffb79-3822-4b7e-9949-e0dd6a5dbf4e,Backlog Report
48010490-7644-4b9e-b915-171ba87c412b,Backlog Report
48126122-3827-4b90-b734-d5a9290f05a2,Backlog Report
481efdfe-785d-41a4-a250-1de0ab22dce1,Backlog Report
4822ddcd-68c9-48c5-9164-d5b9d105fe10,Backlog Report
4859a082-abdc-4e97-a158-14471b76c618,Backlog Report - Invisible
486d8e65-8db9-41b8-8293-ce62f5f70e82,Backlog Report - Invisible
4871338b-44d7-4dc9-8138-60d366cbbd68,Backlog Report
488c1625-6204-4b75-a05b-e0341763e8f5,Backlog Report
489f923c-e4a9-415f-bac5-0f872dc38794,Backlog Report
489ff19b-e245-47c5-af26-112f7bd6cf2b,Backlog Report
48a2fb3b-68a0-435c-b4f9-1d38130848db,Backlog Report - Invisible
48a87200-ba26-45ed-b8b9-bcea470b3dc6,Backlog Report
48b0aa55-2f95-442c-bce8-33b329e9368f,Backlog Report
48b40ec0-d604-42bb-8324-33db11f90768,Backlog Report
48b4a498-deed-47bd-b138-46a84e98e028,Backlog Report
48b5f0b8-8aab-4a78-9b10-38c4336df299,Backlog Report
48b8d040-8eef-4f8e-abf9-1a7790d92d06,Backlog Report
48bb2b1b-58b3-4398-a017-dc8c7121a2fe,Backlog Report
48ced665-bd27-47f2-ad22-a886ae507851,Backlog Report
48d954ba-f788-4c4c-8406-12c65fd36742,Backlog Report
48e9f8dc-dc15-422c-a769-6423846d88fd,Backlog Report
48f77200-ecf9-4aaa-8223-1bd19ade4aeb,Backlog Report
48fc0462-b1cf-4aac-990b-34b89e78304c,Backlog Report
48ff89d3-194d-411e-9e08-a7b0d6704540,Backlog Report
4906e36c-05b8-4781-981a-dc1925cad0fa,Backlog Report
490d167d-4988-4130-90ab-d014d2a82718,Backlog Report - Invisible
492bdc0b-f09d-44f8-ba28-95afddffc52b,Backlog Report
4936b287-4673-46d9-b80e-059108f0c513,Backlog Report
493d0ca4-649e-4f24-9659-7f38db57fa4e,Backlog Report
4945871c-3bff-46bd-87b4-4a2dbd93bc71,Backlog Report
4945dfa1-e017-4f12-ac8f-edb39df80d28,Backlog Report
49584591-e54d-46a3-8d8e-6ce176699719,Backlog Report - Invisible
4958bd5a-3c22-4ad0-b4be-3f03860b61a1,Backlog Report
49593dd6-a61e-4702-b977-897433f47438,Backlog Report
496286e7-2dc1-463f-a40d-8346c0304247,Backlog Report - Invisible
496e3048-2401-45b5-a85e-ddb8f3876fbf,Backlog Report
4974f7ed-807e-455d-8530-0738b2fdeb22,Backlog Report
49797727-5349-4a32-843e-fd5028332bb2,Backlog Report - Invisible
499b666d-64d0-40d5-825c-678c9706c447,Backlog Report
49af1285-b686-4888-8904-57d63b361fac,Backlog Report
49be8634-83a4-478e-828d-f34d69b2edae,Backlog Report
49c1656d-cf3d-4409-92d1-becfd89e336d,Backlog Report
49c1d478-45a6-4343-be54-a48645eccc65,Backlog Report
49d7acb4-30b7-4275-a0a0-2c1561cac8ee,Backlog Report
49d921b7-c483-4eff-ab4a-f81d3011ad25,Backlog Report - Invisible
4a09d4dd-5e74-4597-8dc8-aba22bbb67bf,Backlog Report
4a1175cc-0bb8-4450-b72d-2106f4e920d3,Backlog Report
4a117b79-56b5-4f3f-8ea5-8013337f7b58,Backlog Report
4a3a8d81-973c-40ab-82f0-f3f176348bcb,Backlog Report
4a5132ba-495e-471b-857d-ee37b18a1ebf,Backlog Report
4a53b3f3-5c5e-4264-ac09-9504c68fda8f,Backlog Report
4a677499-d9fb-414c-8000-c13715adf7c8,Backlog Report
4a91d6f9-21e3-4c35-bbd5-d94720a08340,Backlog Report
4a97f60d-f5f0-4d7f-8c36-5ff66e8d1bcf,Backlog Report
4a99bb1f-0f34-4b32-952c-62fbe0230ac8,Backlog Report
4a9e54ae-cb7d-4a42-968a-a543baedbf7e,Backlog Report
4ab26df4-95ab-46bd-8e22-476b69ea5d3d,Backlog Report - Invisible
4ab9b025-eafe-4066-8f5a-32b2c8f810fd,Backlog Report - Invisible
4abd0704-34d5-4cee-a52a-c0325eef8fd3,Backlog Report
4af514b5-b50a-4c9c-89bf-1e9d3329b97f,Backlog Report
4b13cf8f-d059-41c2-8584-214c195c072c,Backlog Report
4b3184e2-4061-42ad-b41a-6e288c83f08c,Backlog Report
4b503e4d-4d9a-4a6f-b866-904105ff9e84,Backlog Report - Invisible
4b5c7437-4621-4c76-9560-e85dc823f446,Backlog Report
4b792011-9253-4f3c-8dd0-f11624566295,Backlog Report
4b7e5586-ccfa-4a7c-8847-a3b984c5f108,Backlog Report
4b828b68-8779-48e5-b86d-a0f3e6886016,Backlog Report
4b87bc08-01e1-448b-a682-ab243c8d149b,Backlog Report
4b893409-c5ca-46e7-841d-d52fbb1da97a,Backlog Report
4b9140e8-38f9-47a3-9360-dff400014247,Backlog Report
4ba03225-c4ec-4e95-8139-357e14186f76,Backlog Report
4ba03db7-a89a-43d7-a569-c60eddd1722f,Backlog Report - Invisible
4ba828a2-1352-4e49-9317-cd9155ae42bc,Backlog Report - Invisible
4baa2098-ac0b-4335-8cc5-dfbab5066219,Backlog Report
4be6951c-96d1-44cf-b936-d3d4a40c7add,Backlog Report
4be7791c-0da1-4482-9423-08ac065e2f96,Backlog Report
4bf4936d-9f53-46f4-aaf4-45fe245e636f,Backlog Report - Invisible
4bf58b0b-c8e0-4da9-84bd-d834d6d1471d,Backlog Report
4c045c2c-07f3-4ca5-8c65-98cdd2541236,Backlog Report - Invisible
4c04ceda-f131-4d6f-bddf-1bc13118a65d,Backlog Report - Invisible
4c0fbf70-1ac8-49ef-b2ed-6e2ba4140004,Backlog Report
4c115b1f-38dc-418c-aeb9-3e63bf05068d,Backlog Report
4c1572f7-1543-4c1a-b89b-b3031dfd1749,Backlog Report
4c225142-9d36-4112-b84a-aca43cd5f81b,Backlog Report
4c367f3a-b523-49ad-b016-9a20d5e5fdfe,Backlog Report
4c40b0f4-79e7-414b-af24-bb728dec0e5e,Backlog Report
4c733666-9eae-4ad1-99c9-29a1807a0772,Backlog Report
4c774b1d-e93d-4726-b260-586d1351a53f,Backlog Report
4c9d851f-5361-4d06-a133-5d40b515e78d,Backlog Report
4c9dac07-b941-4f01-b37a-a71c4bec768b,Backlog Report - Invisible
4ca04ed6-eed3-4e45-8d63-e16a9b2676e4,Backlog Report
4cab9f50-6b45-4b51-bdde-78c7b8d2dae1,Backlog Report
4cc185e6-878c-4ce4-a051-400846e6bae0,Backlog Report
4cdca946-85bb-455e-8dc6-9e813638b480,Backlog Report - Invisible
4cf0b3cb-79cf-4623-86da-8e544b79cd58,Backlog Report
4cf8d2b0-8a94-4503-903c-fd8313e62248,Backlog Report
4d09388a-ea0d-43ab-b27c-d47003ee5144,Backlog Report
4d0f0fef-42e2-4d01-9e28-7baaf57fa611,Backlog Report
4d31f840-d770-408e-ae05-2be06925e44c,Backlog Report
4d32a297-f363-4ed3-8ca8-c6faf481d670,Backlog Report
4d522b8c-60ba-4d7e-9378-4f471f7e7a1b,Backlog Report
4d52fe46-d5ee-4224-a35a-faab5da08930,Backlog Report
4d5e393d-1c09-4232-bc1d-10f2df0cc16a,Backlog Report
4d5f04ca-940d-4837-827c-739241a3df25,Backlog Report
4d7c1301-2df1-4ba6-a465-389fa62e374c,Backlog Report
4d842072-72b1-4024-ab0c-3c045ecc8455,Backlog Report
4d87f264-bbb2-4901-b81c-d690d817b131,Backlog Report
4d8ce433-25e9-4cb4-94ee-637ce5216897,Backlog Report
4d8f3aff-81ea-4b12-9f2b-a530cc3bf678,Backlog Report
4d9af24f-03be-4258-b38a-23d321c8018b,Backlog Report
4da2616b-6a61-47d6-bb7e-9f1f7e24dd8c,Backlog Report
4dbf545d-bd8b-4365-9297-ff804615167a,Backlog Report
4dc99fcf-a992-4535-9452-a57072a05d5b,Backlog Report
4dd01ea5-1439-4271-a7d1-a9dcda951be9,Backlog Report
4de87626-28f7-4a7e-9727-2b391d6afbf4,Backlog Report
4de9202f-20ab-4c91-aa55-639342faa6e6,Backlog Report - Invisible
4decffc3-89f9-4d44-83f7-3ccdcec07774,Backlog Report - Invisible
4df0310d-55ab-4062-bea6-3c64190c21ac,Backlog Report - Invisible
4df91b00-55c1-41a6-ae3d-8ffd9739010b,Backlog Report
4e10fb49-450b-4974-a47b-4cf5a0389a56,Backlog Report
4e283ff0-3622-4529-b5b9-7689bfaf34c0,Backlog Report
4e3fd2f8-4321-447b-8035-3a77fc695030,Backlog Report
4e5dd7ed-ccc2-48f9-bb58-f92ee6e34de2,Backlog Report
4e5de495-2968-420f-a187-2f37111cfcc8,Backlog Report
4e630a25-e118-45a3-b67a-264e95bc739d,Backlog Report
4e6b6b7e-ad50-4e7c-b324-7859fd85cd8f,Backlog Report
4e7018fc-73cd-4e4c-8075-2796933b53ec,Backlog Report
4e71ba64-be17-4f0c-b3a5-c1f4f3a202bb,Backlog Report
4e7ac94b-75f0-45ca-b3f0-d6f8453cba93,Backlog Report
4e7d389a-8aac-46a1-9254-f7677c2153ad,Backlog Report - Invisible
4e85f746-1feb-4d7c-ab21-c6c65b0ff9b6,Backlog Report
4e8f3414-a149-4a7a-9777-8f8cbdaf5f23,Backlog Report
4e95dfbd-b0b4-4d47-a463-b45cb64936de,Backlog Report
4e98b906-c23f-40c6-97b7-b85d51e760f9,Backlog Report
4eabc64b-a145-4101-88f3-4964c0f42ac0,Backlog Report
4ead8579-e450-4d8a-a901-e46c5d5f91a8,Backlog Report
4ebe67a6-3659-492e-b2e3-24e5244ec4c8,Backlog Report
4ec397cd-437b-4ad2-9a7c-7ff2da43e63b,Backlog Report
4edd5587-218b-4480-88ad-cad3129ddb15,Backlog Report
4ee19e28-ca63-4628-95ba-79734ac1b7fd,Backlog Report
4eed0fd1-4cee-4188-8e2e-90b94331a86a,Backlog Report
4eeef783-a2dc-4e21-9496-165fc5f82caa,Backlog Report
4f0f0d27-3ec4-4166-b0a0-7891a39ddad1,Backlog Report
4f2e9066-f4b9-460f-8984-3de1d913d44e,Backlog Report
4f31a4dd-1833-4899-9112-d47016e2f6d0,Backlog Report
4f385fe5-7c6a-43a9-a5cd-c9f1b6bb5e48,Backlog Report
4f41f5d4-c9be-4ea0-9a0a-c78aa3255dca,Backlog Report
4f4ac733-32c5-4bdb-97f4-8119b805d0a4,Backlog Report
4f53975f-ab89-4e5a-8d83-9e4eb9c6a610,Backlog Report
4f5c095d-409b-483d-8659-8d0191011fb7,Backlog Report
4f608d61-7b87-4023-9d83-3fa6566e2cf8,Backlog Report - Invisible
4f6aafe0-cb14-4808-bb80-00fe50c60e53,Backlog Report
4f847a38-0cdb-4a73-830f-66129af24f6f,Backlog Report
4f8b1531-9ed1-4823-930e-7ec974541f59,Backlog Report
4f9285a5-0945-4126-b6a3-1e37771acb23,Backlog Report - Invisible
4f9db129-9142-4653-ad5a-14f0df3a21a9,Backlog Report
4fab35b6-b937-4edc-b842-29f941b2394c,Backlog Report
4fb6ee30-1e48-4719-9129-504aa78a8770,Backlog Report
4fb8e559-7704-45d7-9302-761cedf97745,Backlog Report
4fcc4bf3-8700-43a5-adcb-dfd9ef6ab017,Backlog Report
4fce9735-eb7d-4f2f-901b-978618181bf1,Backlog Report
4fdef92e-a918-4903-be69-70b64800051b,Backlog Report
4fe32ed6-1425-484b-97e7-52ec7dd82498,Backlog Report - Invisible
4fedd118-7c88-4f2f-8af9-b4a5e41164d2,Backlog Report
500a868c-73bf-4b4f-8e7c-874d59d86646,Backlog Report - Invisible
5020cd9a-d262-4e2b-a1ee-0793e8fafbd0,Backlog Report - Invisible
504c8ddd-ce73-44d6-89b3-07af70faf81f,Backlog Report
50598a06-76b7-440d-8865-e7390a1cd21c,Backlog Report
505ee222-30b4-4a61-b69a-62a2ba0b9bb9,Backlog Report
5082189e-5d16-43d2-9802-14171b766f73,Backlog Report
50908801-a580-4cdc-8691-59986a051fa4,Backlog Report
5099312e-dbae-46fd-b49e-57763e89ede1,Backlog Report
50a1fbbd-d8e2-49e8-80f8-ae25021c9cb2,Backlog Report
50a7e82d-d4ae-45a7-9430-ed11082ac304,Backlog Report - Invisible
50b875cd-4b0e-4de4-86ae-285736cb7486,Backlog Report
50cf0b6c-92b4-450d-bd14-6fdd232e6b59,Backlog Report
50eaa15f-73df-42b5-8a50-9194d0df8b49,Backlog Report
512c5bf1-8f73-406e-8635-bd982cf62d65,Backlog Report
5132bcda-1487-4f21-ad98-cee5c3b2f9db,Backlog Report
513f1a99-2d35-470b-9477-a227c7828960,Backlog Report
51549134-e6a8-4737-bf49-58798b135ada,Backlog Report
515ea599-a725-4a79-b2f2-88f1b686bfe7,Backlog Report
51633bb4-5f72-4c40-a1e1-1b191677f662,Backlog Report - Invisible
516eac02-6f08-4bf2-a2c9-ff1487d5bed2,Backlog Report
51828d17-1e12-4070-946d-5057a2c78c24,Backlog Report
51996d46-e477-472b-8dfd-486906e48694,Backlog Report
51a7b974-df01-4a91-8d94-0da8a0480214,Backlog Report
51b4048e-adbc-49ae-946e-697c2cca2b98,Backlog Report
51bdf53d-8cb3-483d-a4f8-b6bcf21b4d8b,Backlog Report
51c4c5c1-5944-4630-bb28-270d24e51867,Backlog Report
51cc0b27-a9c5-463b-9759-cfccaf2bb51c,Backlog Report
51d3d477-71f0-479e-bc1a-cf5b1019d708,Backlog Report - Invisible
51d96fd8-2f4e-4fe1-84bd-9b4abac06f73,Backlog Report
51dc9530-13dc-466b-8a0c-e6b3769bb55e,Backlog Report - Invisible
51df48a9-634a-4348-8b51-d28301b76fe0,Backlog Report - Invisible
51e47d13-f13e-41d9-8dcd-7857abc8d97b,Backlog Report
51ed7537-a5bc-4e40-99dd-0d81ac01999b,Backlog Report
51ed87b8-90ba-4b41-83a8-f946e3af2abf,Backlog Report
51f52e2e-9191-476e-ab65-bb81858cd847,Backlog Report
51f9a294-fdfe-4fd5-8d38-03eb1eb46aad,Backlog Report
51fa51df-63b5-4ae1-8a24-54834bf1c2f3,Backlog Report
52084eae-f99f-47ef-a4b6-446b4b90e311,Backlog Report - Invisible
5212f3df-2ee5-4724-92cf-f15ea56425f6,Backlog Report
522ddf6a-5058-4a32-a830-f9a2def5610e,Backlog Report
52469413-a30f-4d9f-9ed9-445a6ee65cb2,Backlog Report - Invisible
524d3241-2563-4fbc-aef1-57faf8b81a00,Backlog Report
5254c5a5-2715-4b1d-afb2-da05da889566,Backlog Report
5256aa26-1a66-423f-bd7a-898e648c7c25,Backlog Report - Invisible
52580429-d9f8-4405-8e2d-602a23bfe73e,Backlog Report
525bb2a5-0e3a-4b12-a1d7-2007f3025325,Backlog Report
526c2d53-b9fe-49b0-a7ff-058e2b3ad9f9,Backlog Report - Invisible
526d3b1d-0bed-463b-a30a-a128466f8faa,Backlog Report
527967e4-d0a1-48d8-9e07-739f65e819a0,Backlog Report
52840600-9b27-4e14-b4dd-bf658fb31b10,Backlog Report
52975a22-6204-4038-aaa3-bb8effc240bf,Backlog Report
529cf1f2-c36c-495e-b3ff-afa217d66c0b,Backlog Report - Invisible
529d5c83-e250-4319-8e38-281595ea0745,Backlog Report
52a1d2d4-3f85-4098-9571-16713afbb6ca,Backlog Report
52ac5bb2-63ec-40ba-8079-7eb9c0ed61c5,Backlog Report - Invisible
52af8a41-7301-4ae0-b701-20e02eaf6cfb,Backlog Report
52b87960-f8b1-4f6a-a1c4-a2a82142ecc2,Backlog Report - Invisible
52e5e824-b847-4a46-a8c1-f44e0934fe77,Backlog Report
52ea6b28-7037-474f-a0ed-07314682ef09,Backlog Report
52f23c5c-f6e7-4ee5-af78-b9678900ded5,Backlog Report
52fb7cec-5cad-4da4-85b2-ee17a4243ed0,Backlog Report
5305704e-66f7-457a-9467-145a0258afea,Backlog Report
531437c1-4295-4864-93b0-84d6ed6414dd,Backlog Report
5326fc79-739b-4e45-b4a8-8e7943d2df52,Backlog Report - Invisible
5337a286-01d3-4edd-9237-567ab1f7c054,Backlog Report
533e66c5-fe34-494e-a408-71f8586dcbf3,Backlog Report
535e885a-c632-492e-b3e7-25bd1668b288,Backlog Report - Invisible
5372e285-c068-440f-b8b8-e8b0414f85a5,Backlog Report
53783937-b8f2-4c48-a943-e6dac9b53d34,Backlog Report
53923cc2-0c68-4f7e-af65-c72b52e5edd0,Backlog Report - Invisible
53975937-b9ee-4c8b-b14e-a4c3075a10fe,Backlog Report
53aadcb2-7296-4826-a5b1-6ff18112530b,Backlog Report
53b30f82-19f6-4c7a-8ad0-c78ab1fce916,Backlog Report
53ba7c38-f596-4a00-8a6a-95680d04c662,Backlog Report - Invisible
53c0806f-88ff-4760-984b-9b69c564201f,Backlog Report
53c3ea54-50c0-4d42-8f5c-6e6dc065cab4,Backlog Report
53ce6fd0-5f7c-4737-bb72-d8ef0a863935,Backlog Report
53d0977e-5171-4be2-8266-08ea831a4178,Backlog Report
53d35100-b0b6-4e96-b014-bc511d99d1e6,Backlog Report
53d3768e-9816-4f0e-a9f9-cf5ffe042f98,Backlog Report
53f2f082-a89c-4bad-a71a-4ac7fc33b01d,Backlog Report
53f92560-e7a6-497c-b228-b99487b735f1,Backlog Report
54031cea-447e-44bd-a767-2ee0c614042d,Backlog Report
54093ae0-dfae-45a4-9f1f-6ead16593ef9,Backlog Report - Invisible
540bef31-21a5-425a-b0ae-73dfb02ebb4f,Backlog Report - Invisible
541439fc-a4db-4ab6-ae33-a3db53af292e,Backlog Report
5415205e-b21f-4176-9ee7-8ad012f518fb,Backlog Report - Invisible
5416464d-0d4c-43e5-9af6-44caef1872b3,Backlog Report
54178bfe-c2ac-4870-a1cb-661573db1ab8,Backlog Report
541e2fdd-2b77-4a67-9b6d-1b27173de1e0,Backlog Report
544387d4-21ba-470d-8bb9-62fe4be6312b,Backlog Report - Invisible
54683a8b-c874-4313-b78d-811ae61eebaa,Backlog Report
547a369a-f916-4748-83bb-6b5159a3981d,Backlog Report
547c3043-5522-4949-9a87-168eafaf1638,Backlog Report
548a13e5-f124-4013-8295-af9f05c13492,Backlog Report
548f86a9-b6f8-4bed-ba79-7173149b26a8,Backlog Report
54a71bfc-2375-4e43-9837-d37a08ce2b42,Backlog Report
54af2a9c-0b3b-4149-9433-c245f47df4c2,Backlog Report
54c2829b-066e-40e1-a439-417e0d718eb1,Backlog Report
54c56b63-e3e8-466d-b0ec-c7d094e0b72f,Backlog Report
54cc63f7-0793-4020-b26b-0071b5831b9b,Backlog Report
54d354c8-5f7a-4cff-a8d6-41e6fd3e64e2,Backlog Report
54d924d6-7ad0-4058-97af-7056177742b9,Backlog Report
54da734e-c7b4-434c-a94b-85ee419a1fbc,Backlog Report
54ec3810-41a4-4581-b341-0aaac702df65,Backlog Report
54f6afaf-2099-44f0-9a35-abe2e529b183,Backlog Report
54fce953-74f7-482c-a071-d51bac177d68,Backlog Report
5500e2ce-d551-4dfd-aa8c-f5ecefc73bb2,Backlog Report
5535b7a3-22df-4850-bdc3-54b3fb3c3933,Backlog Report - Invisible
553f587a-a96f-4ccd-978f-d94090406bc5,Backlog Report
55437131-c9d5-4f9d-a6f3-5d1b5fe17c9b,Backlog Report
55548a2f-54ad-44ec-80de-7451760484a9,Backlog Report
555e0d1b-6633-4dee-a14c-3972eb604d73,Backlog Report
5560c96f-fd41-4711-974b-8c5145edcf93,Backlog Report
5577ce21-07b2-48b0-bdb1-21414598f2fb,Backlog Report - Invisible
5581651e-5e2d-4400-9e56-22e237550c32,Backlog Report
558e3e50-b035-43ac-b66e-fcbfbb3dffeb,Backlog Report
55979fa8-b176-4b24-80c0-767966a0bfc2,Backlog Report
55aab58f-6593-4627-bf93-efbbdbfa7e9c,Backlog Report - Invisible
55bdec5c-78f5-4570-85dc-013135198a15,Backlog Report
55c0efe3-bdaa-4487-bf9d-ed867ec13893,Backlog Report
55c8237d-4e92-4a28-94da-c6abfc21e3e0,Backlog Report - Invisible
55d3f726-a306-45bb-8583-a322b3b874a8,Backlog Report
55d76b94-1114-415e-9c96-2ad5d87b4ab3,Backlog Report
55d795a4-e731-42e9-bab5-0c52136472b3,Backlog Report
55dafb24-b68d-4364-8edc-aa1bcc654cb8,Backlog Report
55dcf966-2f70-4def-ae19-1845ba717b04,Backlog Report
55dede3b-9a80-40b7-993a-42c836c1cbaf,Backlog Report
55e298f4-9a91-4f00-a215-646d38d4a626,Backlog Report - Invisible
55e3ec63-e9f9-4144-8de9-16158ad61fab,Backlog Report
55e9d0b8-4493-4fb0-aa70-f7ce761aff25,Backlog Report - Invisible
55ec70eb-f8d4-46f9-a644-d56a1f14a4d6,Backlog Report
55fd6934-67d7-440d-86f1-7e1b6886a5fe,Backlog Report
56021e29-bf7f-4440-b1f4-265649febdcf,Backlog Report
5608881e-3b1c-444e-9c57-36243a124b31,Backlog Report
561d108a-5483-4952-9291-ff8074b2b593,Backlog Report
562f3f37-d5f6-4ba7-b152-4a88460d82b7,Backlog Report
56307252-996c-4101-ae43-7eb2a1686cd6,Backlog Report
564e5707-dc05-4091-9d59-dca86b96df52,Backlog Report
56572e5c-4453-4390-86aa-643a9663d426,Backlog Report
565e8f4e-c7cf-4b5f-8ac5-f29d5db5cd3d,Backlog Report
566253d8-e338-4082-bbda-32c339e4530b,Backlog Report
5668df13-4790-4267-8e47-1995dec4be2c,Backlog Report
566f92ff-ac37-4cfe-902f-4db6b2271583,Backlog Report
5671e7e5-3fbf-492c-9fb2-13f637f4c2a1,Backlog Report - Invisible
567f1f3a-e507-4bbe-b0ec-b59b123a7988,Backlog Report
5689fd5f-927b-46c8-8f4f-32f9dd9701c1,Backlog Report
5693610c-f126-4ed1-b8ec-49d60d7ff7c6,Backlog Report
5695b049-42cb-4444-bb1a-78d1a91c019f,Backlog Report
56a513d5-d8c9-416a-9b1e-f7092972c461,Backlog Report
56a57e7d-b451-4167-9b09-b1907dff4a70,Backlog Report
56ca8c53-6a81-4ad1-ad3e-5b9fa27fec18,Backlog Report
56d24910-0f8e-44ea-9064-8cd646f9d0b4,Backlog Report
56e71cdf-7e86-4320-9fa1-26a9ef1f70fb,Backlog Report
5700aaad-c8b0-4132-a0e8-512964de2f63,Backlog Report
5705b071-508b-44d1-b6ed-553cf162556d,Backlog Report
5710d75e-b61e-431b-b2a2-28b84dbe70c8,Backlog Report
571294a1-4bef-441a-bc88-5a4956e201e8,Backlog Report - Invisible
5719bba7-cdad-4138-979a-fe77d9faa488,Backlog Report
5726dd2e-41e8-4939-913b-b4826e6077f1,Backlog Report
5738f634-c95f-4574-8a7e-728108d56db2,Backlog Report
5741ad6a-3e59-4116-91bf-62b0e4b79a4f,Backlog Report
57494926-cf3e-4eca-b80f-76a0d6b5c43f,Backlog Report
577c161e-edef-45f6-87cb-bae82888dd57,Backlog Report
577e605a-5f69-4203-95de-ccc44b75291d,Backlog Report
5788c309-89d8-43a2-b1f1-b35fe5d7d3ce,Backlog Report
57ad2cbd-b648-470f-ac28-12f31d817edd,Backlog Report
57b11f57-b498-48f1-ae39-4e3967a1d338,Backlog Report
57b2fdc4-30ad-463f-93df-7a1cda2255e3,Backlog Report - Invisible
57b50ad3-a9b9-4e01-a889-e3c249071a35,Backlog Report
57ba6da3-9ee6-4b7d-b75b-0a04d81a3bff,Backlog Report
57c3c40b-42ab-4d87-ab91-7e6d4d5b5c85,Backlog Report
57f8c45d-ce60-4161-bea7-a0dcd5743e0e,Backlog Report
57fe502d-df57-4f5c-a5ab-c23d89d2c0cd,Backlog Report
58003baa-c4ec-403e-b7fa-e26fa5c7a7ee,Backlog Report
580679ed-deb9-4fac-bdd2-f41a478066bb,Backlog Report
580abbca-af73-4a8b-90f0-aa7a5ca4fe47,Backlog Report
580dda45-5ace-43b9-b183-064100ac4b17,Backlog Report - Invisible
581301bc-7479-47c3-94a5-483f6baec0c4,Backlog Report
5813e073-7bb6-4bb4-802e-93b415a101c2,Backlog Report
58175919-5993-4ec7-ad86-8857ce255b01,Backlog Report
583764f0-cfbf-4574-ae62-41a84ad989bb,Backlog Report - Invisible
583d3ef5-ecb5-415d-89f0-d511d920ef4a,Backlog Report
584c4e17-ff87-4541-b07d-e77f266307f1,Backlog Report - Invisible
584cacac-0a34-4355-8899-695f0ba02aee,Backlog Report
5856bbb7-8e4d-4188-9c7f-0f9d8413dbd8,Backlog Report
585c2657-6844-4fc0-bff0-148965e47382,Backlog Report
587947dc-6adb-4097-9053-ca649844140d,Backlog Report
58884433-9183-4914-bb81-7de670ae2abf,Backlog Report
58894d78-5221-4380-920b-908c6e2224dc,Backlog Report
589ca4d0-f09c-449d-9079-d198d9688da2,Backlog Report
589cc133-e902-4797-8d6f-0dc135c1ba5f,Backlog Report - Invisible
58a95003-62d0-462e-ae65-5326c3c159eb,Backlog Report - Invisible
58ab6165-0fea-448d-aa32-caffa5947ac5,Backlog Report
58ace781-9723-49b4-b2b8-8d3d2e70ec9b,Backlog Report - Invisible
58b02b30-0ed0-4658-999b-e29b105b2ed0,Backlog Report
58b20383-ddd6-4302-96c2-856107ff67bc,Backlog Report
58b963ba-eed2-4541-aa1f-78a9646342ba,Backlog Report - Invisible
58dd0c23-dc06-496b-b20f-4c14c5824fbf,Backlog Report
58ebb223-cc72-4a6d-bdaf-b66235e2371b,Backlog Report - Invisible
58fd42e7-c32c-462e-8706-a999dd303629,Backlog Report - Invisible
58fff022-2655-4d21-b8f2-2463b6259f3d,Backlog Report
590a2a82-d717-418d-938f-bd658029159d,Backlog Report
5910c6ae-8ac0-4ddf-86d9-ba09f98a19be,Backlog Report
591ca8e0-2e7b-421b-86dd-92b81b95a8e7,Backlog Report
593f1951-18ff-48f3-8153-64c710cff9d0,Backlog Report
594ec8d4-ef04-4107-ad55-4bb313bc7b71,Backlog Report
5958e699-80f0-4de0-8de9-b599a6a376ca,Backlog Report
595c131a-0980-494c-8dc6-de429a0990b0,Backlog Report
597319c2-ffcd-4a41-b927-d30868765ec5,Backlog Report - Invisible
5981cefa-1d08-466b-8d1f-ecca34e708c8,Backlog Report
59826c7b-b5e1-40a4-9244-df6589171fc1,Backlog Report - Invisible
59828720-d360-486d-8652-ca5bd75e65e7,Backlog Report
5999e125-0a54-4e5a-a43f-4fc0cbe7b0f6,Backlog Report
59a3dcfa-ebca-4184-8e2b-7cc94d644047,Backlog Report
59afbbe5-d670-4c09-8bfb-83616db816a5,Backlog Report
59d4c66a-9cca-43e9-a6cc-c7e62a52826f,Backlog Report
59e254ea-0043-4c82-b500-1e853a108b3c,Backlog Report
59f77728-62cf-44b5-8456-bcca63057825,Backlog Report
59fddb75-4028-431f-b756-a1c72271c4e1,Backlog Report
5a1fd87c-a203-41f1-a2e0-16baa5f7fea4,Backlog Report - Invisible
5a2a2819-1a17-4d52-a32f-462feaac3d8a,Backlog Report
5a33318a-80b6-4225-81ff-7c693a0d8718,Backlog Report
5a3d24ee-97cc-4b83-87c9-409e14d4df01,Backlog Report
5a4d4084-5753-4c89-8d46-35bcc5e5c949,Backlog Report
5a4e9e93-b543-4c2d-bc5c-5298de2fdf88,Backlog Report
5a5434bb-d19f-4b3f-a9f4-9670cf9246a5,Backlog Report
5a87f2ef-861b-42f4-9b8c-df3217ccebd1,Backlog Report
5abe9f55-64ae-4260-939d-da33e7141dca,Backlog Report
5afd1016-401a-47bd-bc4f-0c46620316b6,Backlog Report
5b281c0a-951c-4a3f-ab7c-9258fe692ade,Backlog Report
5b317e81-3279-46b4-a262-f254ad50489a,Backlog Report
5b5e5c7c-f634-42e2-a8eb-2dd1206ff00c,Backlog Report
5b8fa543-add4-49f1-9200-973bb52a1ae9,Backlog Report
5b99c6b1-eea9-43c8-acc3-69c50f652d61,Backlog Report
5ba9ee4c-2e3a-479b-896f-4382d2223e29,Backlog Report
5bc04d84-7710-49f2-b6ad-e86a1759ae4f,Backlog Report
5c16f13d-1ef3-4424-9f2d-c773edaf13fd,Backlog Report
5c2e7ea5-127e-44b3-a2b7-e404356579ca,Backlog Report
5c3ab2f0-68d7-4fd8-b99c-350d8835aa9b,Backlog Report
5c42ecad-1826-4698-b46b-f4fc28b75c6c,Backlog Report
5c45dd7a-1ecd-49fd-8181-88ebbaab6b6c,Backlog Report
5c5673af-7ea3-48f1-a47f-cfe534c9abf0,Backlog Report
5c694dbd-6b8e-43c1-8645-ec3d7ba86ab4,Backlog Report
5c84d879-3451-40f1-9e60-5d5b3eb791b2,Backlog Report
5c88b62c-7099-478e-b412-4fcc749de845,Backlog Report
5c9761d6-ae31-4d9c-adb9-b89da1b7cce2,Backlog Report
5c9f0bc4-af5e-4f11-a298-afb55d765373,Backlog Report
5ca9b998-4a43-406f-8bf0-020808e43929,Backlog Report - Invisible
5cad8593-98f0-4106-8199-8da250d377ad,Backlog Report
5cb669d5-867a-4538-8e2d-af9d133d5275,Backlog Report
5cd0177b-8e30-48ae-9f2c-2311de3ec5d5,Backlog Report
5ce49b6b-a241-4ede-b093-84cf546da6f0,Backlog Report
5ce4c29e-cfd8-4fba-a06b-0c1d8cd7c211,Backlog Report
5cf5568d-adfd-49af-afe4-5db44121ab47,Backlog Report
5cffc39e-9b9e-4f6f-a9a0-3c860c7b6d15,Backlog Report
5d113e9b-77bd-4e1a-91cb-4b063e5a6ecf,Backlog Report - Invisible
5d1da63d-d6d8-468c-9cf3-76fbf6c4f3f5,Backlog Report
5d2ee3fa-695a-465c-9c0d-9195f9c111d4,Backlog Report
5d371271-dea4-4344-862a-35eb21f6b088,Backlog Report
5d3e44be-09f1-45b9-9b68-3cac175b53e6,Backlog Report - Invisible
5d445afa-aa97-488a-8980-86e3a4330b14,Backlog Report
5d4dc001-1df1-49fa-a103-aa45b999c5ad,Backlog Report
5d74c30c-5f9a-47bd-b8c6-be8ad0249f7c,Backlog Report
5d8438d3-507f-47a2-8e9d-b10d6c7b985f,Backlog Report
5d897d8b-a26b-4baf-8437-f552c251a10f,Backlog Report
5d8e7d12-996e-425e-8448-2d42da1e2d4f,Backlog Report
5d95a2dd-1a8f-4985-8eb0-589b4ce7dc70,Backlog Report
5da27bd5-24b4-4d6c-8dc3-4ff6c006d655,Backlog Report
5db4779c-7a61-493a-b1dd-4412612cce11,Backlog Report
5dbae0ab-0c0d-4b21-b315-9fbfd8dadedd,Backlog Report
5dbe46b1-6e62-4c69-a519-2894ff518937,Backlog Report
5dd43dde-b148-4a45-b9f8-8fe87738fcaf,Backlog Report - Invisible
5dd69f58-3722-47a2-9ee1-e154c963bc55,Backlog Report
5ddaa143-7075-4f60-a0a0-d0070f994e7a,Backlog Report - Invisible
5dead82a-5e5f-46d9-aa57-8700a5536796,Backlog Report
5df184e8-7d0c-40a9-aeda-2b506f6120eb,Backlog Report - Invisible
5dfaf1fb-7024-4fbe-8854-1bb07e83f86c,Backlog Report
5e044e6d-951e-43e1-acd7-5be5f986c4be,Backlog Report - Invisible
5e164898-2cbc-4884-8be1-df0c5f91d6f7,Backlog Report
5e22b3b6-4d56-4531-903c-dba5af8593c8,Backlog Report - Invisible
5e2d7405-5a86-46af-8eb4-cebfe78adb9e,Backlog Report
5e427340-dda0-4429-90c8-14736058fef3,Backlog Report
5e4353c7-7be4-4bf2-b07b-5dc02a3f25e0,Backlog Report
5e52bf5f-9105-46cb-ac70-8c27e58ee14c,Backlog Report - Invisible
5e55f034-e661-40bc-a430-4a4e01586eba,Backlog Report
5e5bda87-c36b-4e88-8360-21f29c74b5cd,Backlog Report
5e60c1d6-c4c9-43de-86bf-38bf8b046583,Backlog Report
5e68043d-2db9-4b11-9a1d-49ebda25badb,Backlog Report
5e6d2312-7748-42ba-891c-edc7ca78b7b4,Backlog Report
5e6da4c6-c377-4cbb-87ab-1d4f2e514627,Backlog Report - Invisible
5e776b4a-93b3-4249-ab6f-d5ce7a20dfe9,Backlog Report
5e903c05-7757-42a2-9e1b-8e4bdaca02f8,Backlog Report
5e98fb6f-d943-4b18-a77d-8f2ecd02792e,Backlog Report
5ed7007a-c05a-4449-b9f9-e63680a9158e,Backlog Report - Invisible
5eef9d96-c71d-4231-b1b2-467167ab2047,Backlog Report - Invisible
5ef592da-4ed9-4d83-b747-a4b1ad95873d,Backlog Report
5f1618dd-5736-4769-8486-b3dabf348b61,Backlog Report
5f1a3159-807c-4c0f-a7c6-cca6ec903fda,Backlog Report
5f2b74f8-ba5d-45a5-933e-871cf15e8978,Backlog Report
5f2e7a43-613c-45e1-9159-80b480e1c302,Backlog Report
5f36dd2b-52d4-4b1e-bdaa-652631c9d642,Backlog Report
5f3a0236-dd14-4010-beb8-544b0e347a9f,Backlog Report - Invisible
5f4621a0-3c50-4126-bf9d-0de8379b64af,Backlog Report
5f4e2e6f-2f23-44eb-ba45-4673364a1b75,Backlog Report - Invisible
5f5242ba-5609-4c15-80b7-f87305dad59c,Backlog Report
5f5a73a2-c256-493e-ac47-467bb170c0b6,Backlog Report - Invisible
5f79c0b2-d543-4346-92d7-34f9cf3a8277,Backlog Report
5f829fde-507a-4952-aaf4-5f65b8567d08,Backlog Report
5f89ba3f-e89a-410e-8011-8df07bad78bc,Backlog Report
5fc8cb35-16ff-4dd2-9389-0ea09f359ac8,Backlog Report
5fd8bd1d-c5dc-40b7-9e13-df968df12ecd,Backlog Report - Invisible
5fdc954b-0e90-4743-ace5-d781bc244e08,Backlog Report - Invisible
5fe8a572-a683-4e32-8203-bda26334ddae,Backlog Report
5ffd0266-a83d-41af-bbe2-9add15a8b303,Backlog Report - Invisible
5fffdbbf-6aaa-4a38-9a87-dcf09f44dced,Backlog Report
601e0c12-96ce-46a6-b01e-f84f291984e7,Backlog Report
60265220-fb22-454f-9919-e6ecfc0dc4e6,Backlog Report
6027a430-4939-424e-bb9d-14c68883b7fb,Backlog Report
60288866-87b7-4a48-b004-4f9cf2341729,Backlog Report
6034e32a-1a55-4254-9a75-033a74f7028f,Backlog Report
6046d359-9cdf-4a61-b245-91c41517087f,Backlog Report - Invisible
60611dd0-3518-496f-907b-f0de7d46f4f6,Backlog Report - Invisible
607eef63-966e-42cd-a4c1-8fc62551dd9b,Backlog Report
608dbd39-5265-44c7-995e-7273283a6980,Backlog Report
6090234b-abbb-443e-a7ab-55e928d99f2d,Backlog Report
60ec0ad1-e307-4f7b-9389-7d88c639636c,Backlog Report
60fbf298-9f2c-4bfa-bb3b-2ef2a33ffac1,Backlog Report
6111d2b2-c1a6-4044-94fe-49999c7b13f5,Backlog Report
613c9ea7-f0b0-42f5-9d84-69956067f9ba,Backlog Report
614c4ca0-ec73-4004-b502-651e974bc3ae,Backlog Report - Invisible
615293be-a75a-4630-bd51-8a5b4c285b24,Backlog Report
6154bbfd-6acf-4f36-bb36-f542bacfd1a7,Backlog Report
615be9ef-018d-42c6-912f-272d0f0db141,Backlog Report
615cc0d4-7ef2-47b1-bd6e-dd28aa13e9a5,Backlog Report
6165ba35-51dd-4bf4-b747-05034d822210,Backlog Report
616e65cf-868e-4e44-bf48-8fb37aed9970,Backlog Report
616f5d72-d2dc-41cc-9bcf-10ce7f0d692b,Backlog Report
61789497-a918-49a0-8f12-09a4550591e4,Backlog Report
619fe10c-1ccd-4014-bd61-bc8fdbedf6e0,Backlog Report
61cbdeaf-fdb4-4ef8-a113-cb180dae6092,Backlog Report
61d3a667-7f4f-4a56-843a-b3b8cd4ffb05,Backlog Report
61d6d72b-2d7c-45b3-8489-e2371b03788d,Backlog Report
61f93bd3-f5ba-4483-a536-2f1052fc5d49,Backlog Report
61feb5e0-7914-49f1-8856-7d65a74cb43c,Backlog Report
620b91df-bed9-47cc-a9f6-4d741668ca5a,Backlog Report
621a8e14-534f-48de-846d-4ccfafbdd8c6,Backlog Report - Invisible
62209c58-d663-418f-9ce4-5be49f5391ce,Backlog Report
62245b41-c24b-48ae-9451-4feea56f9d35,Backlog Report
62249bde-b4ec-487c-a33e-2fcde13d5173,Backlog Report
622f0476-f122-4aee-b181-669e6d9cd4bc,Backlog Report
6231f163-3f87-461d-9017-c33664a34a58,Backlog Report
62401598-98fa-4986-b67a-4794260994fe,Backlog Report - Invisible
624a91b8-2a97-47a5-921c-6fc5b97a4648,Backlog Report
624f5431-d5ba-4fdd-90ef-16c0c5b6791e,Backlog Report
626c0188-5026-4f6c-a2ab-3f08c3934e5b,Backlog Report - Invisible
626e8e17-84ab-4c91-b0c4-e60cf0110069,Backlog Report
6299db0a-fae1-438e-b762-71b227cae66b,Backlog Report - Invisible
62a07237-dd65-4892-ac7d-5954fb85b06f,Backlog Report
62a946b5-7ad1-4ae1-9cc1-64ed3dbdee1d,Backlog Report
62f6b6ab-cbfc-4ddb-a2b7-9acf763a68ac,Backlog Report
6311d410-1c51-4c4a-9a3b-cc87935b6342,Backlog Report
6312cb63-1c75-4d60-85ee-71afc90b7bf1,Backlog Report
631afcb4-4159-4bca-9cd3-0ec8dc15c8b0,Backlog Report
6324bcfa-82dc-4acc-b7d0-5f29275e7f6b,Backlog Report
6332aac9-8320-4363-b970-2f60007c024e,Backlog Report
633b7a3b-61af-4300-b906-f5eb7a126ffb,Backlog Report - Invisible
6342ddf7-4866-47c3-8231-a70631978324,Backlog Report
6354652d-d691-4ac2-a703-3defd8533970,Backlog Report
635d5b57-4a7e-41a8-8b44-784407526f6f,Backlog Report
6362b8e2-5c52-4f38-8350-cba328da84ed,Backlog Report
636dff3c-6303-40ff-b966-16c91f9d04f9,Backlog Report
637d5591-854e-4930-bdcd-2197562aa962,Backlog Report
637eea05-3c2b-4775-a259-10f7b39e1345,Backlog Report - Invisible
637fbf9f-6936-4ede-a007-882734f2625b,Backlog Report
63a927d8-7995-46fb-9dfc-bcc04e49c010,Backlog Report
63bd9445-4152-4905-a6a3-7bd77e129fa0,Backlog Report
63c387eb-abb4-406a-875f-29f752774446,Backlog Report
63da9865-2381-4148-b00e-b8c4a90d9d82,Backlog Report
63dd75b7-87fc-4e13-8920-069fc79bd984,Backlog Report - Invisible
63fa4748-49cf-4c56-a6e7-d73994250fa6,Backlog Report - Invisible
6418b942-abf7-457c-b68b-27de6bbf3734,Backlog Report
642122a1-aa92-4bb8-ae9d-553c4ea91b67,Backlog Report
6444b5b6-c43e-426c-9e42-1ce0aac982db,Backlog Report
644afb16-6d3f-459b-b5b0-308f151ad0ac,Backlog Report
6467b726-64a4-48f4-8068-c91b25db15f0,Backlog Report
6473db47-0d14-4e4e-809b-ab13e8b39af9,Backlog Report
64869066-f09a-4edf-aa37-df2817265629,Backlog Report
64a5333f-e174-4784-954d-38c5c488cec5,Backlog Report
64b5b34e-809c-4806-8f0f-71236c360f09,Backlog Report
64be9684-3f80-4e42-8802-6c565535d276,Backlog Report
64c76b50-9b09-4b01-a97d-051b6ba7e64e,Backlog Report
64d77a33-ed61-4290-b931-dd4232b95a51,Backlog Report
64dd6da8-c1df-46c4-be2e-72746a5dcc2b,Backlog Report
64f06ee2-d0da-4b81-943e-7d45a54fddac,Backlog Report
64ff194f-3e0b-4f5f-80ee-68c86b1bb8ca,Backlog Report
65046cc3-1ed9-4a45-861b-44a96e482c70,Backlog Report
6516f7d9-7593-462f-b408-a1fa7f3c5356,Backlog Report
6553008b-ce7c-45cf-ae04-7615ddcfd84c,Backlog Report - Invisible
656b7768-32c4-4e85-869f-65cf7834c44f,Backlog Report
656b7802-7912-421e-a172-b18cdc44e411,Backlog Report
65834839-709f-4942-a45b-4ab30f82a7aa,Backlog Report
658f1790-707f-4b89-82ce-8a5a9848e63c,Backlog Report
65956f8c-b5f7-4b73-b7d3-ee5ee1f57592,Backlog Report
659785ee-9dda-4448-b721-178efad5e731,Backlog Report
659a69b7-c4b9-4fbe-a46d-6d2365c2073e,Backlog Report
65ad8ff6-3a20-4a78-bbe9-1374d9450959,Backlog Report
65b68281-2561-4437-96da-c7e4257b38cc,Backlog Report - Invisible
65b7d837-e4bc-4e88-b38c-4f0a72e1d916,Backlog Report
65bc82a8-2484-4e18-a0d1-242a8dcd9f14,Backlog Report
65c0d86e-d2ea-4ada-a142-09012433b1c5,Backlog Report
65c8ab7c-f00c-4cb7-9359-4575f8712209,Backlog Report
65d36d00-8fab-4a62-865e-48e29256e044,Backlog Report
65d8874e-323e-4a33-9d15-cfd6380d50d8,Backlog Report
65dedbb0-cf63-4324-a91d-59e92bd56238,Backlog Report
65e506fb-0bcb-4b84-b352-78e142a9f7f9,Backlog Report
65f09372-6306-41d1-b558-f80faed2d83c,Backlog Report
65fcbc5e-b014-4653-ae33-35082cc80ce4,Backlog Report
66029bde-b067-482b-b0b9-70776b4ec395,Backlog Report - Invisible
660aad8d-362a-42a9-8a46-ff533bdaf656,Backlog Report - Invisible
6612cbb2-2a72-4dd0-8662-0dec2a541145,Backlog Report
6613f720-5c1a-4fdd-98d5-be9c914b8f69,Backlog Report
661e98a3-fe66-41ec-9d83-92f37b72f6f3,Backlog Report
662795c7-56ef-429e-9f2b-114b6a43c07e,Backlog Report
662cb008-550c-4cfc-8246-6d5de326ed19,Backlog Report
66599170-438b-4526-861d-e219f4eae32c,Backlog Report
665d7c2e-c4af-401e-8e79-14875b84397a,Backlog Report
666dd5a8-b8d4-4bdf-b3ac-453d015bba83,Backlog Report
6674474a-4a9b-49dc-9c63-128621acfa44,Backlog Report
6687f6a7-03af-44a0-b8c3-b5b043ca872d,Backlog Report
668d7543-5324-47b0-8267-912404a37706,Backlog Report
66970422-70ed-4cb3-b6b4-2386fc91a9c8,Backlog Report - Invisible
669cc97f-a935-45f1-b013-4ef48a8e9a3c,Backlog Report
66b021b0-1de5-420e-98a5-6d8198ddf06b,Backlog Report
66b759d3-ce4a-46a2-935b-71bcede94cb7,Backlog Report
66dd9aa3-d491-4dc6-8f60-c17ad6cc5bb6,Backlog Report
66f60699-79b2-480d-a3ed-e7eb06216872,Backlog Report
66f72c80-2c16-4039-ba22-4bc1d1d648de,Backlog Report
6709ae4c-7171-463e-9e32-4fd6e3de2a1f,Backlog Report
672e1017-de59-4a44-8179-edde0e44c2be,Backlog Report
67501500-84be-4c33-9fc3-b2a80f2343b5,Backlog Report
6767b717-26b7-4055-acd7-3de799a1ae9a,Backlog Report
677e4c98-962d-4e1d-9197-9c797ef21378,Backlog Report
6789ede3-dc54-4e63-8ab0-4228a5b9c40c,Backlog Report - Invisible
6794fd20-e4c5-40cf-aca8-936fa4e020e7,Backlog Report
67bc1ed0-8fcd-4d34-90bc-044906e962fc,Backlog Report
67c9fdfd-dac2-466a-adca-072711ad7ca9,Backlog Report
67de2b21-29fe-4912-b950-81d51c231186,Backlog Report
68155f34-ae16-4450-91c3-63aee7011a6f,Backlog Report - Invisible
681a3251-ca72-4d5b-9926-093d8d54a410,Backlog Report
68234faf-8004-4fb4-aa9c-45e068cf3004,Backlog Report
6830a026-4fca-490a-b07a-f2169d6222c7,Backlog Report
684ec7ce-ddfe-45ae-b39e-b57cb2344364,Backlog Report
685971bd-dbd7-4d1f-b920-5dcad72faa67,Backlog Report
685d553c-9979-41b0-a8a0-2618b556590b,Backlog Report
6860fa0e-5ca3-4923-96b7-6c74e9e6745b,Backlog Report
686dfd36-964b-424a-ae5b-1f36b46aa650,Backlog Report
686e401b-2a91-4bd7-9d1d-bb8620690740,Backlog Report
68784ca2-e75f-44cd-9749-58a6be44669a,Backlog Report
687a1585-f72a-44bd-ba20-7f816315583e,Backlog Report
688032d0-6fe5-4fca-9dd6-6d1092462061,Backlog Report
688aea75-900d-4cb0-9feb-ec0469f2771a,Backlog Report
68904164-9245-4036-8c46-c2a1c28c4482,Backlog Report - Invisible
689e5e27-8ff8-4a37-8293-4c7f4d75c2ac,Backlog Report
68a5d513-1f5e-4f17-a7b0-104e0a3bc8ae,Backlog Report - Invisible
68a6ac0d-b932-4d42-9b3c-a3ab3d7f8848,Backlog Report
68b9f35c-be18-45de-9149-776cb5962f05,Backlog Report
68e164ac-81db-4b21-bc5b-c5e4c5917473,Backlog Report
68f6aa59-471c-4155-b399-edd715661b6f,Backlog Report
69080c67-b5a4-41ea-ab45-2d94e6c45916,Backlog Report
6909f798-283a-4951-9ff5-72d033cb054a,Backlog Report
69281d92-cf18-4396-8329-73c3e6403092,Backlog Report
692c1ea2-3f3a-477a-b1aa-ac7296fc0dc6,Backlog Report
693beae2-3c3f-4176-920e-1b2193d194da,Backlog Report
6946e98e-a39c-4f46-9cb0-25c643776e21,Backlog Report
69493df2-c578-4099-8025-3554eab3abbd,Backlog Report
697c9b12-7081-4779-993c-303b53bb9e48,Backlog Report
698d58f3-5ff7-4502-ac9a-748afb37f906,Backlog Report
6994c1d6-afd5-4315-aa31-c118be4cf256,Backlog Report
69a8e915-14d9-42b5-8a32-2dbc2ad2d6b7,Backlog Report
69b6837a-206e-4f26-9cbb-1a0908323dbe,Backlog Report
69de8bea-0925-48ae-a665-7adf0099010f,Backlog Report
69ea4015-c63a-4cc9-8d33-bfdbab6d1cbc,Backlog Report - Invisible
6a11e94d-b1ef-4397-8c6c-22cc2bcd19fb,Backlog Report
6a1301bf-17e3-4ba3-b272-3720823144fa,Backlog Report
6a303fc6-0895-4a40-9adb-8e8330a60471,Backlog Report - Invisible
6a414000-67a7-47a6-a313-58cfbb22da70,Backlog Report
6a5012f3-1821-49be-928d-35cf8753d6c5,Backlog Report
6a5b8b40-8422-4a9f-b17d-450648d93cc7,Backlog Report
6a5c9f6c-8b2b-4d66-b318-b1253fdf6185,Backlog Report - Invisible
6a603fa7-cce7-4d48-8882-cd797ea86923,Backlog Report
6a617c10-0ab1-4225-8897-7f798c9aa958,Backlog Report
6a66f50b-0c26-4487-896a-26d8e7f71dbb,Backlog Report
6a69f698-08b0-4d79-99df-edd841f72169,Backlog Report
6a6dcf92-2136-4ca9-ac0e-c0971abe1bce,Backlog Report
6a71be1f-9aa7-4fa9-bf6e-8c2109f4db88,Backlog Report
6a72835a-ed39-48c4-9c9a-25888ce06002,Backlog Report
6a93d980-94dc-47c5-8b3a-e18c4565a05c,Backlog Report
6a997bff-b1c5-45ce-ac33-16b7649fef59,Backlog Report
6ac68935-b5e7-48e2-b974-71c84a2df775,Backlog Report
6adc77d1-d058-4ed4-8a7f-1e67ace4d5f5,Backlog Report
6ae5304f-0899-4f74-a18b-5778f95de2e8,Backlog Report
6ae8be0b-a138-4fae-8319-c9e306e74497,Backlog Report
6b0c3ff1-cc51-4433-9b13-d1337ba6ad4b,Backlog Report
6b0c8af0-23d0-4799-9086-59f676b04353,Backlog Report
6b0d36d6-c2c8-4358-96e3-83f4aac3e20a,Backlog Report
6b1fc9db-e9ad-4c87-be29-0952bd03943a,Backlog Report
6b34d169-2e64-4676-a70d-5ba3803bf106,Backlog Report
6b3a2c7d-f68b-4e8d-b150-11f7d4bd8ff7,Backlog Report
6b3cfd97-569a-40bc-a132-f416e52ee993,Backlog Report - Invisible
6b48a529-8b9b-4d23-a7f1-130b51065e3a,Backlog Report - Invisible
6b53d53b-a9fa-407e-849a-fb768d911025,Backlog Report
6b63ebb3-9c7f-45a5-98e1-8d2bd6eff6b1,Backlog Report
6b6c3308-ee42-44d3-b25b-98dd592526b0,Backlog Report - Invisible
6b7c4683-e302-44bb-ae58-bae25fa43aa1,Backlog Report
6b800b28-19a1-4cc2-b086-3c5983125ca3,Backlog Report
6b83bbdc-4bb0-4244-b89f-290d674112bf,Backlog Report
6b8688cd-03f0-45fd-8846-727eb9b2fffc,Backlog Report
6b8a2853-d6e7-4674-9068-215561e7dd79,Backlog Report
6b962248-7962-402e-bfbf-04638aa3ca4a,Backlog Report
6b9ed1d2-f96a-4bfa-ba10-86f284f506df,Backlog Report
6bae353e-462d-4b8b-93b1-1fe11dcaf1ad,Backlog Report
6bb7c534-8d45-422f-8d0a-d0dc0db70ea7,Backlog Report
6be2dca3-9d8d-491c-981a-c2d5b454020a,Backlog Report - Invisible
6be5268a-4a80-4c88-8527-ffbf978e4152,Backlog Report
6be77a0b-a4f7-4740-bf1d-e719a2732c1f,Backlog Report
6be77da9-fa8f-4135-9026-eab0f1960fac,Backlog Report
6bffac0f-0218-42f6-a917-c73630ac2f5c,Backlog Report
6c03fa49-a24f-44c0-adbb-bdef89c5f6bd,Backlog Report
6c05d4b5-c802-4164-acc7-60a111dd1e69,Backlog Report
6c150d04-10e6-49d0-bae7-5b8d7bf3048c,Backlog Report
6c166d63-0fd1-462e-938f-598fbc55cd35,Backlog Report
6c17c17e-d31d-41ef-ac3d-694237a5f2c5,Backlog Report
6c1dc20a-5369-4f4c-b0f2-83315828d47d,Backlog Report
6c442669-794c-4777-9059-73639afa60ee,Backlog Report
6c44a90e-7e2a-4c8d-915d-368e2a6096ac,Backlog Report
6c47392b-1572-4248-a430-5842f77dbef8,Backlog Report
6c601272-d12f-4762-b2ce-edb31f1320bb,Backlog Report
6c61c08e-68e7-4f06-b5b8-8b529f0f974f,Backlog Report
6c677c55-1e3c-4c8e-835a-dc70321c82ac,Backlog Report
6c7c1333-e9d1-461f-a3af-f2d655df4af0,Backlog Report - Invisible
6c8b694e-6cae-4522-974b-12b1295f0524,Backlog Report - Invisible
6ca1303d-4e81-45a2-954f-7cd2f7762f06,Backlog Report
6caa1178-6fa8-4293-ae57-74223b385e06,Backlog Report
6cb24ffc-91ab-46fe-ae3a-82a88b00ad7c,Backlog Report
6cb84245-954d-4f27-9ca0-993f440e9496,Backlog Report
6cb85cd1-7b8a-47d7-aade-6d7f50412bd4,Backlog Report - Invisible
6cbf5a7d-1ec6-4430-a213-28e0da5904ab,Backlog Report
6cc60708-9e07-4793-9b2a-e7b930d4802e,Backlog Report - Invisible
6cc6f8b1-d942-4d5a-9b0b-c4f241f37837,Backlog Report
6cd9b2c7-bddb-4a4f-b5f2-30d8b8158741,Backlog Report
6ce17990-0e7b-44d4-9ff8-d439badf99e7,Backlog Report
6ce9c5c3-bbbb-49df-9947-51236050a57c,Backlog Report
6cefdabc-0b38-4cf7-b191-a0e318299715,Backlog Report
6cf974a7-0351-4f40-a2fb-e2e629e4e4b2,Backlog Report
6cfa405d-4bf5-4d4d-872a-09f4d467a561,Backlog Report
6cfb85f4-2182-4c77-a31c-109ed752b434,Backlog Report
6d0365bb-349b-4999-80a4-692031f17e88,Backlog Report
6d106536-929f-4bae-b3af-657c60961053,Backlog Report
6d127bbc-23d6-4b58-9c26-74a3c5221129,Backlog Report
6d1435cf-a0fc-44fc-af96-31ac6b999618,Backlog Report
6d159c9f-b093-4a52-9fbe-0afd6a4c12f2,Backlog Report
6d3a2057-1331-4448-8c86-0e778b97155a,Backlog Report
6d3b1f89-872c-40e3-b57f-dc7a045224d4,Backlog Report
6d537967-e351-462d-af4b-ac69c990dfa3,Backlog Report
6d5af02d-5900-41d3-91e9-e55a0c87fbc2,Backlog Report
6d5b1ec9-7d39-4f48-85fa-b8bb21c92667,Backlog Report
6d622b9d-6cf5-472d-86c7-eeeb946a6097,Backlog Report
6d669a81-ee8e-4819-a2f8-442d6d500edb,Backlog Report
6d9ed611-ede8-497e-b7e7-3d4068857886,Backlog Report
6daab4d7-0b9f-4bab-bf8a-9757449503b5,Backlog Report
6dab1f7c-89d8-44b3-9c59-80f08b1bf344,Backlog Report
6db32cfe-1fee-4190-86ad-8918c752f5cf,Backlog Report
6dc1312a-0a81-434b-9140-287c771c7e27,Backlog Report
6dc1e065-2c66-473f-ac86-4d217daade8d,Backlog Report
6dc8f094-0497-40cb-a6ca-5608788f7b51,Backlog Report - Invisible
6dd293f6-3614-4159-b153-db367a29a55c,Backlog Report
6dda6fd5-8cc0-4a01-be4b-4f256eef956c,Backlog Report
6dfc8694-816a-477c-a4e6-ffe7553dcdec,Backlog Report - Invisible
6e1aae4c-5b92-4007-a375-1e4415153bfa,Backlog Report
6e1d1d11-2012-4c62-bfe9-ff1766289f32,Backlog Report
6e216316-4113-4336-a642-8b566346541f,Backlog Report - Invisible
6e2c186b-983e-4ac8-86f4-6e1f38eead67,Backlog Report - Invisible
6e312d0d-27e4-46d5-9f5f-9eee38b86dd3,Backlog Report
6e360832-a336-4e39-8553-b126a2a448d2,Backlog Report - Invisible
6e45f114-5378-4ceb-8211-ef5f0bac432a,Backlog Report
6e4e08bf-f4f4-4343-b155-6be35576e249,Backlog Report
6e66ae86-a32a-491a-8910-ebac31e2ebe1,Backlog Report
6e7e8f1c-db05-476c-b93d-76f0955b99e3,Backlog Report
6e84f259-d72e-460b-adb2-5f588c60c6ca,Backlog Report - Invisible
6e86257c-a108-40d8-b20d-020146ac07a0,Backlog Report
6e8e9514-4e80-424e-a167-0f39e00bdf9d,Backlog Report
6e8f5a5c-19f0-44a2-9e5d-2c36fa211d09,Backlog Report
6eb52c67-c71c-4f33-ba1e-6f6351df9e3c,Backlog Report
6ec67f0e-d6b9-449c-89c0-7ee891b8df94,Backlog Report
6ecb81df-e93c-4e59-85ec-201b9c62eb3b,Backlog Report
6ecf3214-30bb-42a7-86c4-38183efc750a,Backlog Report
6ed6ddf2-b0c2-444c-a953-09a0ec147718,Backlog Report
6ed9999c-cc7f-42de-a520-523704d8cab5,Backlog Report
6edb0e71-7706-4cd4-956b-07c30f28222d,Backlog Report
6ee50386-aa94-4628-925f-0f061a216efa,Backlog Report
6ee5a543-a914-4688-baf8-f681d5f213e2,Backlog Report
6ee8bc76-b818-4faf-b06b-67af0b11f28c,Backlog Report
6efc1526-c767-4bd6-8036-c433c53d5d30,Backlog Report
6f06b75b-c762-4781-9eab-8fb560218e85,Backlog Report
6f0e2494-2c9d-4ba2-ba0f-6ef1355d730f,Backlog Report
6f178cbd-45b1-44c5-8b3d-1a53a10c91a9,Backlog Report - Invisible
6f2da1d8-89cc-40e8-b9d5-5da0fe757223,Backlog Report
6f2f96f7-5e65-49c3-b771-503de0bd5057,Backlog Report
6f38ed5c-94df-4158-ab0c-12c464e9f780,Backlog Report - Invisible
6f3e6f31-773b-4743-8f8e-a71e8e95c688,Backlog Report - Invisible
6f5d9267-fcf2-40d2-96b3-7f4f1230c7d2,Backlog Report
6f5ef96f-6794-41a8-bf16-b2a531839c14,Backlog Report
6f62edb6-6700-4944-a65e-06d53e47bc81,Backlog Report - Invisible
6f7923b9-1fec-4813-9f8b-5ea55893d8ed,Backlog Report - Invisible
6f7fe174-0467-4275-b3a7-90e6c73e9367,Backlog Report
6f888bae-06c1-4b1c-a123-fc41988a7edf,Backlog Report
6fa3791f-2ec1-4e65-be60-0831452b39d5,Backlog Report - Invisible
6fa85af3-e7b8-450e-b92a-e25421ca22ed,Backlog Report
6fb82508-a2cb-417c-a39d-4cad9fb96efe,Backlog Report
6fc3fd68-8190-4d9e-b602-4538798ccc9c,Backlog Report
6fd65ac6-9379-4407-aedf-2b6bfd77bcb1,Backlog Report
6fd7936c-99dc-4561-8236-e7bb0a6019e2,Backlog Report
6fd888d1-23d9-49ca-8f34-34f0be2757bb,Backlog Report
7014b9c7-b9ea-48d4-bb3d-1c2e892ff708,Backlog Report - Invisible
701e6f3c-0352-40c8-96ac-460f2f65bb94,Backlog Report
7049726f-d75b-4ccf-b699-d82e3a5a99ef,Backlog Report - Invisible
7050106f-e246-4f71-ba31-82002ba9519b,Backlog Report
7051bb6b-9341-4fa7-8dc6-ad5ad4c1d26b,Backlog Report
70594522-35f3-4efe-aa0b-8df49e988644,Backlog Report
70718963-53bf-4183-8766-1087eada1f1e,Backlog Report
70719385-05cd-4888-8d70-6ba8f0e6f6dc,Backlog Report
707cb66d-6f2b-4b89-87ce-af24c00cf93d,Backlog Report
708bf7fb-cbf9-40db-8cd6-69ef5e31a44f,Backlog Report
7092f6b1-a30a-401f-b74a-ecf7766280a2,Backlog Report
70b5bac9-87fc-46c2-9fb7-8edf5fa8aa6f,Backlog Report
70c5c880-d0b1-4e1d-9ed9-83c639dec906,Backlog Report
70de6573-30c6-4222-a4c1-058db4325091,Backlog Report
70ecf9f6-5f3d-4486-842a-0237d5ecec8a,Backlog Report
70fadd7b-8c6d-4d59-9a34-96abe1c5577b,Backlog Report
7104bb0c-b8a3-4c50-af2f-2068644edac5,Backlog Report - Invisible
7105c308-7897-4829-be68-0471cb75070c,Backlog Report
711d9ccd-3d1e-4ce9-bf78-20e5dcd87a8c,Backlog Report
712ba86f-54de-4904-b110-fbfd699a71c0,Backlog Report
713c2fc2-1830-47d7-8fd2-5e972a35fe04,Backlog Report
713dac4a-223e-432b-a29b-508b69c301c4,Backlog Report - Invisible
715bab17-9525-45da-8569-3b413c5d8243,Backlog Report
71656619-600d-41c0-9099-cf2e74e85523,Backlog Report
71674bfd-1cb5-4507-9f50-57bb02cb5b0b,Backlog Report
71740c4e-7574-4067-b1f8-82b26c77ef17,Backlog Report
7184fe0a-0e63-42b4-911d-3d929e6b2047,Backlog Report
7191dad0-5a67-45fa-bd61-2d4a784d5296,Backlog Report
71a357a3-fecd-4fe4-8819-081fe6e7e82a,Backlog Report
71abc2c5-9f29-4bac-9d48-e3098e2e9a1f,Backlog Report
71b929ea-df9b-4d76-97ea-e3737a566534,Backlog Report - Invisible
71bdaa08-060f-4871-9215-fb0aacea44d2,Backlog Report
71cf69ac-9081-4fc3-96ee-8c52ba78852c,Backlog Report
71eaee02-4946-42a2-88e0-477385cf7976,Backlog Report
71ef6af6-ec66-4d26-ac41-9aab12f39028,Backlog Report
71fe0c50-4e76-43f0-83d5-638e23508040,Backlog Report
72465800-fd94-4ff6-bd27-a472a7f0490d,Backlog Report
724e0180-c4a4-4586-8a08-d40de4abf809,Backlog Report
7252144f-7b1f-4690-b460-605143d8665c,Backlog Report
725efaf1-2240-45c8-be82-ed33301a294d,Backlog Report
72646fed-f7cd-49ec-93c5-9c400b96140b,Backlog Report
726711b1-16ae-4e67-8f33-138b972509c2,Backlog Report
726b50ed-cc2e-4c73-8e52-59561ebf259b,Backlog Report
72727d3c-f063-412e-9ba8-1d51029285c6,Backlog Report
727645a8-64e9-4df0-85eb-3c86690b7744,Backlog Report
72771dc4-5478-4fb4-8c62-36e016082649,Backlog Report
728ef833-25c5-441a-81a8-691674838fe6,Backlog Report
728f594a-2c7e-40fe-b16f-0d9a0416034f,Backlog Report
72a9f775-e0c4-4a2c-8824-094540e3cd6a,Backlog Report
72c35384-6554-4e30-af53-5adef919aa3f,Backlog Report
72c9896f-8dca-478b-a510-1a87ffbdaa4e,Backlog Report
72ccd805-6c50-4dfd-8d72-08fa7b4a6fc1,Backlog Report - Invisible
72d24569-5dfe-4196-8d27-d8179f0a842a,Backlog Report
72d862d0-face-476f-afe0-e2e4fc4aa556,Backlog Report
72f0a419-a0f0-4173-b9ac-78a9d14d6be1,Backlog Report
73023f3d-7be4-4ba4-9518-847bfe033181,Backlog Report
7307428f-d5d8-4ba5-91ae-97b8b2a9d0ef,Backlog Report
730dd97c-10a4-428c-ab5d-c325a6fd4176,Backlog Report - Invisible
730f41e3-413c-4543-9016-08d62e31af86,Backlog Report
73113264-f4ac-4ec6-98d8-a18ac2ead552,Backlog Report
73121a75-ce7c-48c8-b2ac-8235f8934995,Backlog Report - Invisible
7318d309-586e-4833-8fff-72041618ad80,Backlog Report
7351db7a-80b5-42f5-a81d-fc445dd5b9e8,Backlog Report
736e4078-17a3-4cc0-b26a-2bc688245b87,Backlog Report
737276fc-e6b4-42f1-9dc7-be565fd467fd,Backlog Report - Invisible
7376abeb-c5d2-4f22-8068-69bf16ddf4a7,Backlog Report
738a0094-f9ce-42b5-91d3-2c54164974fa,Backlog Report - Invisible
738a65ba-5994-4c3c-b0b3-7ed4ca183a9d,Backlog Report
7394ad67-d316-4783-bc25-a9d830d5ffb7,Backlog Report
7395edec-f89f-4870-9a49-5a67d2baa9ec,Backlog Report
739b2610-7f2a-4126-bd30-6b577401c797,Backlog Report
73b044d2-56ef-4273-bf3d-9abc08a0d881,Backlog Report
73e0cfa6-d198-4fb2-90ed-38af6f46dba1,Backlog Report
73e42148-b9fc-401f-955f-b1170416b88b,Backlog Report
73f7023d-3698-4f21-a427-77150beb33cf,Backlog Report
7414a83b-0b4d-4fc3-80be-5cff7bc836bf,Backlog Report
7435073b-dd53-4e11-8baf-8df8f01cf8fa,Backlog Report
743dd646-b50f-4732-8a79-2169fa6f4cb7,Backlog Report
745ccccc-1851-47d3-97c7-dd0c64544d4d,Backlog Report
74602cdd-95d7-47d2-b09e-005d45f0fb3f,Backlog Report
746621b3-4f1b-4f84-b87a-3f2ec86ac32b,Backlog Report
7471863e-3a8a-44cc-87f7-0b54da9b8433,Backlog Report
7492c382-ae09-4d59-9c28-9606a7732414,Backlog Report - Invisible
749307bb-a377-485d-afad-860b2246cba4,Backlog Report
7499299f-c4e9-4fac-bc98-04a67f1e093e,Backlog Report
749c1342-2264-4751-8a34-e610f6721e9a,Backlog Report
749e0668-22b0-47dd-af46-b36db465ccda,Backlog Report
74a0749d-5a01-46c1-89a3-350280228ddd,Backlog Report - Invisible
74ba003f-52bb-4fec-b102-9aea52e89d2c,Backlog Report - Invisible
74c06c3a-7f16-4439-af39-51cded346037,Backlog Report
74e6d4f8-236d-49f8-ae53-349947e3124f,Backlog Report - Invisible
74f406b6-cc81-46f3-af5b-4a74a6052e57,Backlog Report
7513b9f0-2243-44e9-a6a9-8d410a081e80,Backlog Report
75264e41-d9fc-42dc-b2ed-1fdfcb3aa2c2,Backlog Report
75298300-783f-41f6-9e7f-2cf9f597ff82,Backlog Report
752bb6bf-46bb-466e-b276-0e0c180cdfea,Backlog Report - Invisible
753066c4-151b-48f2-a1ac-12b1f9042bb4,Backlog Report
75439b06-b363-4eb3-8fce-d213c35c357f,Backlog Report - Invisible
754890dd-9d80-4968-933f-8433b402b336,Backlog Report - Invisible
75495fa4-7419-4a61-852f-eeaeb6bc7f27,Backlog Report
754d4a34-7453-4311-84c5-c66a1bec054d,Backlog Report
755c23bb-bdde-416d-bc04-942778fdb9bf,Backlog Report
758d7b78-a628-43db-83a3-8a22b7fef37f,Backlog Report
75a66018-5bac-44b4-8af7-473bbec4fd4d,Backlog Report
75aeb342-484d-4d1b-84d5-2b8c64ddabb0,Backlog Report
75bb6214-2cc4-4fa5-b5ba-dcd1702d4ea0,Backlog Report
75bbec7a-3b71-4ce1-a9de-c44dbd1becb2,Backlog Report
75c9870a-0bd7-4e27-8949-ba394383b39b,Backlog Report
75d7fbee-bfad-4f55-a327-da7a42585679,Backlog Report
75e6a84b-47d8-4919-a065-244dbf850f7a,Backlog Report
75fc26cf-3f98-42eb-b206-37f6d5c2f27e,Backlog Report
76014a6e-44e3-4f32-9ec7-39a6d353ce4f,Backlog Report
76030539-1e9b-4080-abc9-9075e0204030,Backlog Report
760b2a78-d4e8-4230-babb-724551920757,Backlog Report - Invisible
761e3b25-9942-4fb9-a256-d8a619f91f5a,Backlog Report
7621ef27-867a-4212-af09-f6889610c78f,Backlog Report - Invisible
76272e0c-4aad-4ce8-b614-8b00d2b08f7f,Backlog Report
762dbe9b-6d13-4ccf-9adf-c6b74648cae6,Backlog Report
7646fa4b-89ea-4138-a82f-b5b3ba389d64,Backlog Report
764da652-d631-4a4e-a678-8c0178e59af5,Backlog Report
76579f74-9402-4f6b-a88e-3f56fb66b7be,Backlog Report - Invisible
7677ecfa-80c2-4450-937c-3f6702cee3d0,Backlog Report
767d5468-cb2d-45c2-b38b-fc1368975e03,Backlog Report
768e24f1-1750-4a64-ba90-584c3bfb743c,Backlog Report
76b48567-6c45-4ce1-abd4-67e327553428,Backlog Report
76ce3f25-2724-498a-a3ba-eca8f9b8229a,Backlog Report - Invisible
76d85074-8b28-4f54-a3f3-eaa2a1690e7e,Backlog Report
76dabe7e-6c28-4095-8ecc-b3b2fa43b267,Backlog Report
76eaf0ee-b98f-48eb-a4c0-2601e9fe4578,Backlog Report
76eb2ef0-eb4b-46d6-a194-419ec806b0cb,Backlog Report
76ed2f87-cc82-47b5-96e9-5cc411148ad7,Backlog Report - Invisible
76f42d48-3304-49d2-ac01-0e5b1b089918,Backlog Report
77013177-702e-4c6d-9b06-54a28bc5f661,Backlog Report
77037000-fac6-4704-85d7-d8a653ccf7a4,Backlog Report - Invisible
77039b25-9f5a-40a6-8f62-eb47886369ad,Backlog Report
7705758c-9b40-462d-977e-91c4d5b200aa,Backlog Report
77086283-7d07-46d3-aae6-0bf2679f2256,Backlog Report
773489a7-14a2-4bb6-8f25-7d354fb81032,Backlog Report - Invisible
77390e90-971e-407d-ba6a-8c819a7dd8ce,Backlog Report
7739e585-93e1-458d-83dc-43ffa877f989,Backlog Report - Invisible
7759ea0a-1d53-4db2-974b-f1b465994397,Backlog Report
775fc2d1-65a9-4df8-b5ff-ea0cefab6dbd,Backlog Report
77602338-d55b-4718-b490-74a87b776d01,Backlog Report - Invisible
778d69fa-25a2-4ce8-850d-b49ddc9c8d75,Backlog Report
779710f8-c531-49ef-9064-8601949d39f9,Backlog Report
77b22c30-c478-461f-90a7-33f7dfb31d55,Backlog Report
77bdc20e-4eaf-422d-ae13-139f3476285d,Backlog Report
77c19ef1-c9a6-4923-8c8e-c80d670a7407,Backlog Report
77c1f109-5b5d-44cd-9e01-005c7854afcc,Backlog Report - Invisible
77c46159-0267-433e-bc35-457f32ed91bd,Backlog Report
77c8cef0-e459-4a57-b82e-86105c321297,Backlog Report
77e49616-3f4e-4367-92a1-efb6195bd732,Backlog Report
77e61391-dd66-44c7-8a5c-8f691e6515a4,Backlog Report
77f85864-72c6-44ca-8c86-151d2286b334,Backlog Report
77f9d1fb-40f6-44e5-ba2e-04e18ba1181f,Backlog Report
780ae9f0-ab4a-43d5-b6ea-139b8621fe45,Backlog Report
781a9b0f-f13f-454f-aae1-fb27faee3f0a,Backlog Report
781cb5d3-f020-4a61-8db5-81592255b5d6,Backlog Report
782c5941-02d4-498c-97b9-6f50d51b50fb,Backlog Report
782d1eb4-d481-4cf7-9595-a7e5dbdd11af,Backlog Report
78393538-d851-45e4-af23-7058b15a4524,Backlog Report
785a7767-7c0b-4bd8-9338-2ab482e6bc6d,Backlog Report
785bfb8e-c5e5-485b-a98a-a9ae5b283cad,Backlog Report
786d0fa7-7ba5-40c6-a140-f16371815d9c,Backlog Report
78776027-27ce-4a1f-be4c-a624011d6ed0,Backlog Report - Invisible
787ad4ce-9693-4193-9f3e-4e646a707325,Backlog Report
78855810-592b-468b-8c80-ed76a7ae9c36,Backlog Report
789288fa-bab5-44ad-845b-1a59c446f770,Backlog Report
7896ee79-4a92-4275-9423-8e369ee81557,Backlog Report
789a39b6-50e2-446e-97fb-eca3400d4583,Backlog Report
78ae4bd1-ec4b-45da-b7db-be8add4d456c,Backlog Report - Invisible
78dd0294-d80b-4c2b-b3d4-cdd3f0a968f0,Backlog Report
78f37ee7-2691-485a-8909-b0f254a1f14b,Backlog Report
7915ff1f-4c23-41d4-82c4-a893267ac0bb,Backlog Report
791f0dfd-845c-4a97-ab1e-e7b70a6fac43,Backlog Report
79347b0c-6650-4e24-b38d-1ea8c6224673,Backlog Report
793a3d48-82f1-448d-9bf1-32eca0b3ba6d,Backlog Report - Invisible
793f39e8-6eb6-4f9b-8764-3809988f802d,Backlog Report
79459460-bcfd-42bf-bf33-123c766a2109,Backlog Report
79472da1-8846-4fd9-824c-8dcaf5d6c0d8,Backlog Report
794b4764-fa09-4ead-b3ef-394781de06f0,Backlog Report
7957f96e-2994-4c1c-bb15-cedffe53ca4d,Backlog Report
795c00a3-4a79-4ba5-8466-1a6fd5346db3,Backlog Report
79726e0a-2ef9-4f36-9792-f8d5e0e4adf4,Backlog Report
7976bf32-4bec-4b3b-8c44-ef223093b483,Backlog Report
79911cd4-73ad-41a6-89ea-d4792eab5868,Backlog Report - Invisible
79ab5043-a3d8-428c-b928-d568ec89b746,Backlog Report
79b0be5d-db95-4a1c-8dba-3aba8851b7ca,Backlog Report
79be4eef-1a07-444b-ab1e-89990b528de8,Backlog Report
79c5df52-500b-4ffd-b7c1-ebb7c5817854,Backlog Report - Invisible
79c77e27-f68d-4f2e-b372-1cb2e0eb1f15,Backlog Report - Invisible
79ca0597-18f9-4550-8757-86f647361b8c,Backlog Report
79ce7b54-bc39-4e62-b4d3-a14b7df43b61,Backlog Report
79d6c243-e017-4fe6-8d93-faf3d83087b3,Backlog Report - Invisible
79d7a9df-c3db-49eb-9c50-19ff09b250cb,Backlog Report
79d9f3a7-8d52-4255-8cd8-2454ae35ed0a,Backlog Report
79f19d6b-f98b-4e18-84e3-2f2c21d10e79,Backlog Report
79f3a271-1436-4620-9c71-881d24b571e6,Backlog Report
7a02320e-db99-41c7-bfeb-9e77bae71c15,Backlog Report
7a0cd63a-0f77-4b2f-a658-a14d45c96a6b,Backlog Report - Invisible
7a1e724c-f07b-4603-89a8-cda273c5e3d9,Backlog Report - Invisible
7a216d00-d4dc-4095-be2b-74883db9a78b,Backlog Report - Invisible
7a35659b-66a6-4890-b435-39fbd54060e8,Backlog Report
7a36a354-662e-4989-a4bc-5ce1b076f1dd,Backlog Report
7a3ded3f-b902-434d-a6bd-bfe97a8ed51c,Backlog Report
7a455ff4-1735-4bb5-af94-4e01c55c0324,Backlog Report
7a6d51b1-a970-4204-855e-2e39baac3f47,Backlog Report
7a7a4eca-1ca9-45aa-bca3-8a50ea8e375c,Backlog Report
7a9ceab1-5889-4ccc-8a50-d147ae42e885,Backlog Report - Invisible
7a9d9996-b699-4133-be47-0e7726f76d69,Backlog Report
7aa3d0a6-84c6-483d-811e-5e4676f17939,Backlog Report
7ac67658-750d-4f48-b01c-46000a874b03,Backlog Report
7ad7d204-3ec2-4c68-97ac-010cbdc4dbc5,Backlog Report
7adcff3c-59de-4951-a7b4-741b068d6551,Backlog Report - Invisible
7af16d45-0b3e-41bf-90ed-fee99677a681,Backlog Report
7afcfc30-b08d-4852-bd44-8d41e6e13760,Backlog Report
7b00bd36-5b12-487e-bb34-8d66375efd49,Backlog Report
7b0e27bc-c4c2-477b-9927-7d072f974cd3,Backlog Report
7b11f9a1-aa88-4b4e-be7a-cdb21f7d3ab8,Backlog Report
7b12577d-8203-4795-ac11-bead62dd41fb,Backlog Report
7b25d0f9-6154-443f-949a-1b1801cba29b,Backlog Report
7b30582c-565d-47dc-96e3-826ee9c5481b,Backlog Report
7b4976ed-7262-4c6a-addc-67c2c2bca81e,Backlog Report
7b530cca-3826-4037-bf2c-d06760c86d47,Backlog Report
7b5b5ca8-dce1-4ff4-8d10-de7cfaf68a70,Backlog Report - Invisible
7b70108d-4186-4750-877a-ae6ed8b4cabb,Backlog Report
7b81213b-2157-4589-beab-a886538ab655,Backlog Report
7b9925f8-b3ea-48a4-9947-a6f495c79507,Backlog Report
7b9b77f6-770d-4a9b-8882-a01528d30e75,Backlog Report
7ba93175-66b1-408b-92d6-2b6a27690e02,Backlog Report - Invisible
7bba799e-444e-405e-a476-70d81b287820,Backlog Report
7bd1faf0-05dc-4acd-a4aa-f037518c69b8,Backlog Report
7be28879-9a55-41a6-afe0-478353152897,Backlog Report
7bf325c3-f4a4-4476-9c5b-7c13e3eac4af,Backlog Report
7c01ccb9-6f7a-450c-b1f1-613b79232c58,Backlog Report - Invisible
7c0df8e9-f3de-4da4-be38-df07e46c8706,Backlog Report
7c10dd29-636a-48a4-a18f-d5d422c21ed3,Backlog Report
7c11e3c9-c49c-4203-bd26-45a1114bed59,Backlog Report - Invisible
7c204a8c-5d8e-44e7-8b2e-bd76aa64b9b5,Backlog Report - Invisible
7c3af658-6b45-444b-afc1-a5f5cf9ea672,Backlog Report
7c442b39-4684-414f-9fec-7ae2210a7202,Backlog Report
7c50959a-cee5-4f5f-a0cf-e72d0612ca9e,Backlog Report
7c565713-77c2-48eb-80c4-4ad906218a1d,Backlog Report
7c74ee43-79fa-49ef-bdcf-1731a245421f,Backlog Report
7c94f17e-cdc2-4303-b693-a25cdf56ad6c,Backlog Report
7ca19db9-9fea-40bf-91fb-c52c9bc7db78,Backlog Report
7cb9c148-c39b-4bfe-abbc-f4143179cdda,Backlog Report
7cbb715c-e260-415e-a65a-43c5a8ccb9ba,Backlog Report - Invisible
7cbc419f-b058-4005-a74b-0f8017749386,Backlog Report
7cfca1f5-b535-4a76-a25e-4ccac13e3fe6,Backlog Report
7d0b1714-e404-4c85-80c7-fa750c6e150a,Backlog Report
7d12a7b7-50b9-4218-a60b-c84a8ec902f2,Backlog Report - Invisible
7d1f591a-4b28-4a13-92a6-9349a8a1f751,Backlog Report
7d21bace-e5de-4269-98f3-6254a1730053,Backlog Report
7d26b32b-81cc-48bc-9325-060227ccaa08,Backlog Report
7d3dc50e-b7b2-4d3a-83cb-8c7c5db98b96,Backlog Report
7d42d6ca-6eb4-406d-95b5-940ee90dee1a,Backlog Report - Invisible
7d448f8f-87c8-4946-a986-bc7aa7fe2cca,Backlog Report
7d45d5f3-7736-46a6-820d-95b42c035150,Backlog Report
7d4f76b7-b41c-43b3-93ae-778fb962ca2f,Backlog Report - Invisible
7d5a77ed-f26c-4922-bb36-0468be80e330,Backlog Report
7d5c9d24-4ab6-4539-8462-39ad94f1eb6e,Backlog Report
7d62e99e-c279-43ca-b14c-8f9170d16925,Backlog Report
7d71d988-3330-42cf-9033-62baeb47d387,Backlog Report
7d730c4d-c1d6-450f-9f5a-5aa883dabb23,Backlog Report
7d79362e-747d-4c4f-997d-ff5c14bd0aeb,Backlog Report - Invisible
7d8ca3c8-de8d-45d4-815e-c202f655ff68,Backlog Report
7d8f520a-8c0f-47a4-9ffa-a27c4a26b8f3,Backlog Report - Invisible
7d912f92-0238-4555-bb47-725e5c0f519e,Backlog Report
7d95b040-a6c6-4bfc-a087-e9f6cbf49acb,Backlog Report
7db947cb-97f4-4655-ab5c-47df3bfcfdac,Backlog Report
7dc1ac78-dd30-4950-95f2-1c2be362c110,Backlog Report
7ded6115-13c2-4868-a051-35a58de67f59,Backlog Report
7e03f720-c149-4570-af8f-1cc38832ba9f,Backlog Report
7e1f29a1-8e64-4730-86c8-be68bc263de4,Backlog Report
7e2fe0ff-bf8c-4331-8fa8-51e75ab85499,Backlog Report - Invisible
7e2fe8bb-5a93-4cc2-ae8f-503a8ab9d969,Backlog Report
7e3a9a72-3c09-438f-89ad-fad027100f70,Backlog Report
7e3b2ed0-6890-4e30-82b0-6728d3bc051a,Backlog Report
7e6c02dc-c538-4471-bddd-c5777579e13a,Backlog Report
7e77f110-866e-40c4-8831-aa0449c04bda,Backlog Report
7e78288d-3c91-4047-ab16-d1bfe00abb4b,Backlog Report
7e8e14d4-028a-460e-a5d4-0e3001bf4fa2,Backlog Report
7e9eff67-b07c-46d8-8258-81fabbdd59ae,Backlog Report - Invisible
7ea033f7-d685-4a0d-bd4f-31b83f6f1565,Backlog Report
7ea5b59e-8dfc-4edf-840c-4807c2e49c96,Backlog Report
7eb0b614-f06f-42d7-bce4-507817a6cd63,Backlog Report
7ec386af-ae1f-4587-b834-c1c030aa1726,Backlog Report
7ec89e15-e469-469d-9cf7-94c8be7c36bf,Backlog Report
7eccb640-688c-4ce7-9791-9d1fdb4e95e4,Backlog Report
7ed71918-fba7-4d5e-8297-e733c3553c35,Backlog Report
7ed87add-fdba-49ed-8865-00b7bf598f8d,Backlog Report
7ee3d333-b653-4dac-ad06-85d7bcbbe09a,Backlog Report
7ef22a5d-add1-4557-932c-430850899fd5,Backlog Report
7ef74ae5-99c2-4c26-8f2a-e1713f1d1e19,Backlog Report
7efb94c2-24d9-4b7d-ae30-9fb771ded0c5,Backlog Report
7eff0fc7-b915-4596-8f73-c97f0f25d011,Backlog Report - Invisible
7f0815e1-c62f-4c9b-881d-a427a73a1acc,Backlog Report
7f2397ab-fce9-4c28-858f-7b33a301a210,Backlog Report
7f36cf48-9e95-455e-bc19-faef383aa758,Backlog Report
7f53412a-040a-4c8a-a2f0-4e6548896f60,Backlog Report
7f57e0a5-a8e5-42d5-954e-af67db7af374,Backlog Report - Invisible
7f6c3bcd-52ec-4717-8dac-6c8d4a4478c6,Backlog Report
7f770cb0-1843-4ae3-a154-10e388fbd74b,Backlog Report
7f828a44-01de-44ff-829b-684e75faeb10,Backlog Report
7f82deb0-8947-4513-bf8e-cb93f95911ac,Backlog Report - Invisible
7f85fe5a-1cba-4f92-adbd-9950beb98420,Backlog Report
7f8ffa91-ebf1-4f2a-b7f4-beabe2162202,Backlog Report
7f9b0703-0794-4b08-b610-53937a5356dd,Backlog Report - Invisible
7fa1d66e-8987-4363-a00d-374490ddbb9c,Backlog Report
7fb5e46c-f08d-452d-8e3e-63c8645f20c9,Backlog Report
7fc3d446-ad6a-4609-bc52-b37210bcab05,Backlog Report
7fc5f101-cc2c-4752-81e5-16588d9651e4,Backlog Report
7fd11dc9-1309-4e2f-a725-6f7be45cb6db,Backlog Report
7fd16831-4378-4a5c-9d92-953af342d3b2,Backlog Report
7fdb16a1-d0b4-4e51-bb60-1ca24b6f25e4,Backlog Report
7ff2896e-051d-457d-8b4f-4016736b1cc4,Backlog Report
7ff7e9e4-be00-4c6f-ac37-186debfa6830,Backlog Report
8013d44c-ce0c-4616-b742-d58a9f675ff3,Backlog Report
8014a751-a67b-4b40-8027-8341fb6bfeb0,Backlog Report - Invisible
801738c7-6e22-4bfa-90bb-a6864deecbb9,Backlog Report
801c88a4-87b8-4bed-a264-fd721942ac10,Backlog Report
80216741-1b35-434b-801e-49ea1099be2f,Backlog Report
80239db7-2c01-4541-8808-26ccd2cc7218,Backlog Report
8029d413-15e4-4614-b3a8-f2f2b1cef81e,Backlog Report
805ac78f-8cfd-41ec-a140-8b66a5029082,Backlog Report - Invisible
805b2350-64f5-4ab3-85a2-1ac19840d300,Backlog Report
8061bbac-b8fb-481f-a0d0-943a7cd02c4f,Backlog Report
806445e3-3eb8-4e2d-8cdb-22a52da271cc,Backlog Report
806a9f56-1776-4799-b1c0-07360319681c,Backlog Report
806f57f9-fb4e-4b01-b831-044d31462f8b,Backlog Report
80855ab3-e4ad-4106-8609-0f64a29d2d2d,Backlog Report
80856c2b-21aa-48dc-b798-aa17f6207c3d,Backlog Report
8092e29e-75d6-498b-825c-058119e8d69f,Backlog Report
8096ca3c-b25e-4d2b-9d94-7b34fbed2adb,Backlog Report - Invisible
809e3313-5720-4e48-94f4-a5498fa63943,Backlog Report
80a38f92-8630-47a7-803c-aaa18d6bc771,Backlog Report
80af0434-369b-46ac-b433-e1d393b606e5,Backlog Report - Invisible
80b2629d-cdc5-480a-8702-a7580281249a,Backlog Report
80c6cd56-1834-47fc-8949-8f77dd93151c,Backlog Report
80ed4786-adfe-4164-b103-bd192f83fe85,Backlog Report
80f15355-046b-4223-b18e-c770ad53996a,Backlog Report - Invisible
811068c8-38ba-4154-9d08-9fd8e27f0d6f,Backlog Report
812243c6-98d2-4c80-b6ad-0c340ce3b2d8,Backlog Report - Invisible
81278293-1eb1-4582-9dd4-cf05c1eecba7,Backlog Report
8132cc51-db7c-4fc3-ac51-20c093f005b2,Backlog Report
81348eeb-c758-4bab-b328-f441975da9e6,Backlog Report
81396b6b-45d0-48cd-8f90-5b0b716ccbc2,Backlog Report
8145e5df-3cfe-4efe-b18f-068e65734bfc,Backlog Report
814e82b9-d83a-4bac-b926-62072ea22d3c,Backlog Report
8163d498-91bb-4bb4-a0d0-359c81d22a59,Backlog Report
816e6e3e-e8b8-4fd6-8251-4b5b2481af15,Backlog Report
8175a1d5-1eff-4fc5-a364-2138d5480faf,Backlog Report
81820d98-4751-450e-9381-b3707e892087,Backlog Report - Invisible
8183aafe-99cb-4e3f-bd34-ac59f18e3d24,Backlog Report
818b80ec-0563-47b4-87b0-c08801677095,Backlog Report - Invisible
8191e870-152b-4bd1-a3f8-0892781ba853,Backlog Report
81953568-b424-4085-871f-349b46a326c3,Backlog Report - Invisible
81a55967-5be2-49d8-9477-d840669e8d1b,Backlog Report
81ac521a-c933-489e-a928-f79fce0c2422,Backlog Report
81b0e3f7-2e5d-4a66-817f-9e17593470e3,Backlog Report
81b7587d-578e-4364-9e0a-a993a11f93c3,Backlog Report
81f0f7e7-061a-44a2-a54a-e4e4257bae74,Backlog Report
81f449df-5450-476d-bd75-cc4854d57d92,Backlog Report
81f49a07-6fc5-45b7-9d9a-f95fa4691999,Backlog Report
81f57530-3006-4924-bd08-eaf8ee8aa7f7,Backlog Report
81f86992-45f7-4869-81f4-2c47e5006250,Backlog Report
81fcb50a-8b35-4f70-b436-8f41f3bf5525,Backlog Report
82079f73-2318-4d00-9cb4-63ba587c1f28,Backlog Report
82306ef1-8a42-4165-b06b-50d2a746ceac,Backlog Report
824ebbc5-8fe5-49df-8b20-7d8b125b210b,Backlog Report - Invisible
8268612c-7f2a-45fb-9e8d-5c8d7e984137,Backlog Report
8269ae36-ebbf-4e75-ac12-cbf8db36e5c0,Backlog Report
826c3990-6f91-4e27-b436-007bcf87ce2b,Backlog Report
82b05bca-ed08-4dd0-b7cf-ee2655986fe6,Backlog Report
82b26589-f4df-4279-8655-eaa9bf18d8cc,Backlog Report
82b4baf6-2961-456a-b37a-b4699838682c,Backlog Report
82b6f4b9-1e94-48b8-a2e5-c1af7871b3b8,Backlog Report
82b72011-e42e-4522-8b08-1366980cbccb,Backlog Report - Invisible
82bd8da0-5729-41fd-9e42-f5c3302f6ad8,Backlog Report
82c177af-6eac-4731-8f83-4250441245b6,Backlog Report
82c5c7f6-9390-4736-85c6-08fd5c1abd26,Backlog Report
82d92b17-12b4-4744-968e-88df7ed0cc3d,Backlog Report
82dbef24-9e5b-463c-84ff-d3d3c60ed258,Backlog Report
82e575df-e19b-4afb-9b75-a8b0bbd47676,Backlog Report
82e9750b-376f-43db-9d73-7f490e69ae21,Backlog Report
82ecdff8-09f4-48ba-b862-ef1a36932625,Backlog Report
82ecea4b-796f-4721-a65f-8ec3fc09c03a,Backlog Report
8314b107-714e-484c-bf3d-8b5ee5cf0d4f,Backlog Report
8317482b-bb83-4811-9de1-d74e70e4abb4,Backlog Report
832c5246-2060-4846-8975-662ead670256,Backlog Report - Invisible
832cd343-3f7c-4136-9c80-3ff70fb9eaea,Backlog Report
83330324-eab2-46bb-8664-c47f812bea23,Backlog Report
837b7668-5a81-418f-a415-d3ad9c15827a,Backlog Report
83866a33-5f75-4563-9c44-f23149d24f35,Backlog Report
83a00e3e-a9ae-45df-845b-db7b8006197e,Backlog Report
83cc2938-c2cd-47a7-94b6-f777d2cedb88,Backlog Report
83ecb1bb-cd05-43aa-a397-a67e8ec27005,Backlog Report
84018373-3d4b-46d6-82aa-26aab349d7dd,Backlog Report
8412e61d-0ced-45c4-8379-ddba7df9c063,Backlog Report
8444388e-1d28-42b3-ae7e-7f807aa5132c,Backlog Report
8454c0d8-9f8c-41e3-9615-47fa79040748,Backlog Report
8457361f-eff6-4eff-a748-151923f0cdd2,Backlog Report
8457b7c2-febb-4476-a7dd-a96bd3dc765a,Backlog Report - Invisible
846b0018-347a-4315-8407-86b875046b75,Backlog Report
847fa86c-34bb-4c64-bedc-1015cb2e6772,Backlog Report
84844411-5adc-4794-a777-340ac0e683b3,Backlog Report
848bd5d0-6a4b-42ea-b49a-318af4331d1a,Backlog Report
8490acc8-7217-4300-9cf1-ff0ef72a4ccb,Backlog Report - Invisible
84950cab-9743-410a-950f-9f84fc84fb54,Backlog Report
849cef3b-3e0d-4519-a853-905d251df628,Backlog Report
84aac2b6-74b3-43ab-adc2-5a7c6f2d7b43,Backlog Report
84b4e139-c37d-4b20-aa18-8ba671f812eb,Backlog Report
84c8c362-2336-4629-bf6a-60edebc1460c,Backlog Report
84cdc3c3-071c-4301-9187-128c5ef8acc6,Backlog Report - Invisible
84ce7655-337a-4fc5-9625-2e8af96d53d6,Backlog Report - Invisible
84d7b1e7-cdf2-4fdb-8d36-29ed215ed629,Backlog Report
851ad291-0c84-4059-b266-f72fbb266a77,Backlog Report - Invisible
85234db6-7387-4a3f-9666-7be862e71384,Backlog Report
85303727-44e3-40f9-8324-2784228f0a7d,Backlog Report
853057e8-2a1a-4e4b-bf06-ba38cc27e3fc,Backlog Report
85351c0b-a93d-456f-a7f2-55d9e07be6e0,Backlog Report
853df094-86c6-446a-99a3-02f9a2a14436,Backlog Report
85401f51-8658-4f01-ae08-9888bdcbce83,Backlog Report
854b6d69-a9f9-4405-a8fb-d844b92417ac,Backlog Report
85510ea7-62f3-4c05-b0d0-36ca3e7fae28,Backlog Report
8555f2cb-652e-4e84-b754-d2b3fb8b368e,Backlog Report
858a30e9-2efa-4969-aab4-b9e25e3753d7,Backlog Report
858e688c-539b-4e88-a2d8-4735fe98bdbf,Backlog Report
85a2afed-a176-434d-ba1e-c190c53a5908,Backlog Report
85b546f9-bd58-4afe-abed-c545f72ef717,Backlog Report
85c68164-3be2-411c-8993-9dcb1f598381,Backlog Report
85c9e5bf-c551-4ba5-ab6a-5498db28a88e,Backlog Report
85d4d8f3-219c-489a-b012-b83ff2940e8f,Backlog Report
85ee13f2-8c91-44bb-ba6f-d09f15ef86d1,Backlog Report
85f51414-d93b-4e62-9ea1-6403e33b588e,Backlog Report
86054698-32cd-440b-ba4a-39b33dad7f2d,Backlog Report
860cd2d9-db0c-4a22-a5e3-75913abad797,Backlog Report - Invisible
86104034-b0af-4247-889f-d218279164ae,Backlog Report
8646e487-0fef-4ff0-9e75-7096f1059787,Backlog Report
864faaaf-1196-4316-a05a-8a7b646dada7,Backlog Report
8666443c-7948-496d-b463-de478abbac8e,Backlog Report
86735c3a-ff89-4a7a-9f78-1d1e45aba36e,Backlog Report
86916e3a-ca2c-449c-b8ae-a0daef25392e,Backlog Report
869203a8-ae0e-4650-99ce-4bb8a95d1cec,Backlog Report
8697c72a-7e3e-4f98-a1f9-78f7f6546bb2,Backlog Report
869bf897-1a1e-46ce-9306-55313b18cf64,Backlog Report
86ab2b1d-f84e-486a-9609-dcb7da8899b3,Backlog Report
86aec031-f20f-41de-964a-496c82f31252,Backlog Report
86b8b35a-8a5d-4888-8a37-28e3ef8c99da,Backlog Report
86c723c9-72a6-41c4-983c-e6003e274a4a,Backlog Report
86c7a0e7-081d-450d-9107-cdf2a0750f1e,Backlog Report - Invisible
87147a2f-e569-418b-aca4-1eb6dd9a0817,Backlog Report
8720dc9b-270c-41a7-836b-3824c6b686b9,Backlog Report
87268195-cf24-4932-85e5-c004d8cafaa8,Backlog Report - Invisible
8728b89b-05ff-4947-8998-072cd3040a3c,Backlog Report
872ea2fb-3623-440a-90e8-d191ddc4d8e9,Backlog Report
872ebbfd-33cc-46f5-ad2c-c522ed8c2fbd,Backlog Report
874a625d-2b5a-468a-a1a9-e410afa29cc9,Backlog Report
874b5400-02d1-4027-8a82-ed5c036a96d3,Backlog Report - Invisible
874f388e-efc2-423f-88df-287a7b79e071,Backlog Report
876f2d7b-bb29-416f-a6a3-7b00e6d9b05f,Backlog Report
879ea2c5-412b-4c4b-ae4a-d03b777f9b21,Backlog Report
87b55557-f186-4c74-8801-453ec2670850,Backlog Report
87b5aae4-e426-4136-a4fe-4d4d4dc48d7c,Backlog Report
87b716b2-8ce3-4af1-abda-69a74a9fce1b,Backlog Report
87b8a6d1-5767-46db-beb9-baf90e2dfb54,Backlog Report
87ba56a4-bb73-47ec-83a6-503624d71c4a,Backlog Report - Invisible
87c6eb65-eaf4-435d-aa60-dff36d695184,Backlog Report
87f3a805-5725-46cb-8986-656f21dd6b9c,Backlog Report
8804ebe6-b5e7-494d-855a-6cd1bdb574b3,Backlog Report
8805dd22-c5ee-447b-80c3-b06c54c62a07,Backlog Report - Invisible
8811f16d-2bda-42d0-8437-fa4e7a3e153f,Backlog Report
881f809a-04a3-4d76-84b7-8f28c5ebaf62,Backlog Report
883014f5-f1a4-494d-bb3f-fba8411eff33,Backlog Report - Invisible
88386083-6d6f-40e5-93f4-f24c5b87e62c,Backlog Report
8840a422-886a-4c65-afda-b3842b9fc02e,Backlog Report
8841eee5-607f-4589-9800-9a1792d64ea6,Backlog Report
8848aacb-4468-45c7-8e2f-bd184732a641,Backlog Report
884eba43-31c3-4354-b1e8-4457ec20938e,Backlog Report
88536e35-cad6-433a-a789-226ccc9af7cf,Backlog Report - Invisible
885eaa82-d372-4f94-918a-b4cdc71d5fd2,Backlog Report
8865179c-f7e7-453c-babd-9fb22537e51b,Backlog Report
8866f11c-aa7c-4b10-802a-9374f5902f0a,Backlog Report - Invisible
887247db-87fe-41a4-8079-4a39dc6e00d5,Backlog Report
888bed9f-e09e-4a23-8e00-99f32408ec20,Backlog Report
888d91dc-aabc-42c7-b933-c3f4f93ccaf7,Backlog Report - Invisible
8892b3e7-5b37-457c-80a2-a18aa89024fd,Backlog Report
8896b064-2801-4cc3-91de-a0fef3eeaab0,Backlog Report
88a527b1-4e6c-4f40-9c5a-c18c3b5355d0,Backlog Report
88c0243f-c68b-401c-a2dd-49bbcd09af51,Backlog Report
88c801f3-a1e3-41f7-9cbb-647a1a83b2f2,Backlog Report
88ca987f-ca99-4bee-8973-a24906bf70a7,Backlog Report
88e69657-d96e-4f00-97ec-d16482f20f25,Backlog Report
8916058b-147f-4711-a101-1e74d260cd15,Backlog Report
891d48d2-9925-4de8-9bee-af530d535877,Backlog Report
891f1324-7b82-4628-8098-89f604177f6f,Backlog Report - Invisible
8928e3c1-49bc-4149-a1f3-b7b97ad7b901,Backlog Report
892e12c2-4cca-47d1-8cf4-d4f907063a95,Backlog Report
89326e29-8760-40d0-9eee-444b66f696d2,Backlog Report
895478f2-6b3d-49e8-9fb0-7fbafff118dc,Backlog Report
8965bfd2-d7c0-420f-b8e5-3d4174765c0c,Backlog Report
8975ff5e-2d3c-4776-8cac-6be553ad704f,Backlog Report - Invisible
897cba3c-e2a2-4dd5-8d9b-be9809c258d7,Backlog Report
897cff90-c169-40ef-bad0-0ee27d07aa69,Backlog Report
898ddc0f-6a01-4c2c-87f7-20de7e6a33cd,Backlog Report
8997162b-2b35-4a49-8d13-91a730132974,Backlog Report
89a830bb-86a8-4ede-89d9-4d58b7253218,Backlog Report
89b0e42a-46ca-4009-8fae-c51647def3b7,Backlog Report
89cea07b-2052-4736-a4a1-242681b8efe3,Backlog Report
89d305bf-4ba4-47c6-9b43-13d8a28040a7,Backlog Report
89de83ca-7824-43a5-b487-a39dc2a67fb6,Backlog Report
89f81765-da08-4670-9d30-775f5729921b,Backlog Report
89f839d1-44bf-4a7f-b3f6-493ba212cd84,Backlog Report
8a2a6fb3-e7b2-497f-a768-93821fd93b1f,Backlog Report
8a39d679-f208-49b0-8b57-4e9a20c8964a,Backlog Report
8a3cb963-daea-427c-82de-578673500ffa,Backlog Report
8a3d4e46-011b-4c2b-abf0-655607fb11b1,Backlog Report
8a538190-af0d-4dfc-b261-190a1ff55ad0,Backlog Report
8a5e51c2-b805-4345-98b2-5d8a8c56fa58,Backlog Report
8a69602e-8c35-4372-b524-33382129123c,Backlog Report
8aaa6cea-84bc-418e-ac8d-7bb0f59533d4,Backlog Report
8aaabd41-fd3f-4cb0-8559-5fd82d572834,Backlog Report - Invisible
8ab099c1-1ff4-401b-81c3-d8c16d8c85a8,Backlog Report
8ab52566-7bd9-492d-b628-63165a5de0ee,Backlog Report
8abd1837-fd52-4824-91ee-fd78ad1ad447,Backlog Report
8af74fd4-9a19-4b43-b4be-1f0743b85d74,Backlog Report
8af7f155-3e9d-445d-86e5-178db753814a,Backlog Report
8afa4bda-2c25-46c6-8043-173d2f6cb003,Backlog Report
8b0094d7-8518-4b98-a6e1-4766b88c6d42,Backlog Report
8b009989-193f-4c1f-91b8-1e8587372137,Backlog Report
8b18dfc3-039e-40ff-8e60-f9b94c0c2403,Backlog Report
8b428404-5c47-4368-b9dd-2a5c9f1f3df1,Backlog Report
8b49060b-dd38-4c39-a904-6422f00a9832,Backlog Report
8b4a7383-2cc0-4bf5-8bf8-e0fe80e81cbc,Backlog Report
8b7093c5-0f59-49b2-8c6c-042b427a88c3,Backlog Report
8b846517-048f-4134-9e41-57676936dac4,Backlog Report
8b92d8ab-9725-4cd3-80ae-341d7979feee,Backlog Report
8ba2fabf-d7b4-4e15-b161-086827fd9226,Backlog Report - Invisible
8ba4c526-9e7e-489c-acaa-a71a7b1c31e7,Backlog Report
8ba5361c-0503-4560-8cae-8a2353cde466,Backlog Report
8bba1193-4f7d-40af-a68b-b73d70379844,Backlog Report
8bbc299e-8295-40b5-aff6-cf9829ad54bd,Backlog Report
8be2c05f-7607-4474-b292-91d99efec706,Backlog Report
8c1af018-2e0e-44e7-bb67-20507a1cdc4c,Backlog Report
8c2762cf-087e-4c1a-a7e8-706d86d808e3,Backlog Report - Invisible
8c27ce3e-3d25-4d29-8db7-13e484d2529b,Backlog Report
8c3315ec-b9f4-477c-b565-28aa6cd70954,Backlog Report
8c4045c2-fae7-4195-8393-41f954acb8ff,Backlog Report - Invisible
8c4cfbd3-2891-4fae-8519-49a22e3b70c4,Backlog Report
8c4e74fb-5bd2-49b5-b7f3-09b3bf82ac81,Backlog Report - Invisible
8c4f700c-b235-4084-885b-df64bf5f8aaf,Backlog Report
8c673a40-8fa7-42fe-bc29-cfc1ec724d16,Backlog Report
8c734f53-e647-4b29-9e00-ae47bb17fec5,Backlog Report
8c7e0cdb-8290-4cdc-a4f0-4596052bbe59,Backlog Report
8c909833-3092-4dfd-a42e-f6c23c57d318,Backlog Report
8c9d3e66-67ea-43ef-9b05-9e8386f9a46a,Backlog Report - Invisible
8caa2a48-be19-41c1-bfa1-8a9a9e5c896b,Backlog Report
8cc26086-4ac6-4476-b1db-cce5452b7784,Backlog Report - Invisible
8cd93429-df0a-43c0-9d37-77f2f67118bb,Backlog Report - Invisible
8ce6cbcb-4d0d-4b4a-a50a-ca0edfa9e692,Backlog Report
8cf855cb-983a-4fa0-9610-86d9f0b8cf14,Backlog Report - Invisible
8d089bdf-1d0a-49ae-a808-c162809dbf35,Backlog Report - Invisible
8d5fa7f7-1a3a-4814-98c2-4973079a03f2,Backlog Report - Invisible
8d619d3b-795b-4e93-9fd7-0799e889b726,Backlog Report
8d6285cd-04ff-405a-afef-8b7083859710,Backlog Report
8d706e8a-5b68-43ef-96f1-30c94d16ccfc,Backlog Report
8d82e898-565c-40a0-a722-6916cae15c4a,Backlog Report - Invisible
8d95e919-b708-4907-8640-fd0519b8dce1,Backlog Report
8d9e2c0e-1b3c-4599-b3ae-7f5105d8b9f8,Backlog Report
8da488d4-6584-4261-9a1a-f08a6c278466,Backlog Report
8da64432-b6a5-4498-a3f6-62591a75916e,Backlog Report
8dadf91d-de93-49cd-8b99-5db4997d7857,Backlog Report
8dae380a-3c84-4576-ab46-25b053ff2fb5,Backlog Report - Invisible
8dafc6ef-2b88-48ed-ab92-ca57956f8253,Backlog Report
8db7e29a-ab34-4fb1-a4de-1028c3eec899,Backlog Report
8dbb19c8-dba7-4a59-8587-2c1c13cb309b,Backlog Report
8dc112eb-2ec0-4b60-87ef-650c27cff723,Backlog Report
8dc55f3d-dcd0-4d1a-af27-0c84d62f1cf1,Backlog Report
8dce7390-bd06-4f81-98fc-f4697136a3cd,Backlog Report
8de85bd7-d985-490f-b448-8b71b2a5610e,Backlog Report
8dedd51a-8858-47e1-9f71-742bb4cb09dd,Backlog Report
8df5143c-1ddc-41d2-a48f-57ba89cabbf8,Backlog Report
8e1c0fe3-832f-4d88-81be-3aa0c50d162d,Backlog Report
8e4b6930-f533-45cb-bc54-b40017186987,Backlog Report
8e59e448-7b6b-4e5a-b33a-ed1cd0785332,Backlog Report
8e5d34a3-fba1-4473-910c-d6418840883e,Backlog Report
8e64b7b5-3c86-4c29-8d30-343b50b04951,Backlog Report
8e71f0d2-6855-44d7-b6b7-e7f5bc8922cd,Backlog Report - Invisible
8e771271-7b20-4202-bfa8-110f8efff009,Backlog Report
8e806384-9c1a-4175-af51-682c5a0eb71a,Backlog Report
8e86d049-f21c-4371-af3d-050b3d38db51,Backlog Report
8e8baa4c-267a-4443-b364-170035a2e26e,Backlog Report
8e90441d-945e-4e2c-92e2-e9e2b0708f6c,Backlog Report
8e9ca95d-5bbc-483a-b0aa-3c2a276fea76,Backlog Report
8eabec63-d7b6-4827-a793-24b2cc45aa69,Backlog Report
8eb1fad7-0699-42f8-b992-c69dfd4bf5fa,Backlog Report
8eb73148-ac4b-4698-8aea-25b55bb89b8b,Backlog Report
8ec09c53-f344-4921-962f-39a621e014f9,Backlog Report
8ecf6186-946d-4ced-b728-0e93fff4976e,Backlog Report
8ed4a888-f5a1-4301-ad34-76f6b6084b45,Backlog Report
8ed74168-1cb9-4014-a31c-3ebf3429d903,Backlog Report
8edbcedb-23ec-4dda-b569-a1a03402c5ee,Backlog Report - Invisible
8eea74dd-7aab-423c-a451-b33449b96a66,Backlog Report
8ef0242b-d01a-4d52-b9c5-9c43d5d191c1,Backlog Report - Invisible
8efb16ba-4f37-4fb6-9609-551c13f882d5,Backlog Report
8efec4d4-8956-4fc0-8ecc-c923781c5f45,Backlog Report
8f1cd766-42c2-4208-b708-703eade92eb9,Backlog Report
8f1ec89b-7d18-486a-9b7d-4ee4601344ce,Backlog Report - Invisible
8f28d2ae-54e9-4e85-be25-2d0e0b9617ee,Backlog Report
8f5eecf7-9e33-48b9-a5c2-725675110077,Backlog Report
8f750a2f-baa0-462d-b077-79accd9862c5,Backlog Report
8f84d756-194f-4115-bc24-305812217eca,Backlog Report
8f90de46-8f74-43f6-ae1f-f666ff212cda,Backlog Report
8f960b85-ea53-4432-b2bb-f1ccfe214b41,Backlog Report - Invisible
8f9863af-fa8e-4ea3-8f6c-5dd25715feb4,Backlog Report - Invisible
8fa73d9e-602c-4575-96aa-0e4dd59fe500,Backlog Report
8fbd112b-ad35-4c5a-924e-78125058c5fa,Backlog Report - Invisible
8fe91e2c-1176-4dc7-a2cd-0a5dc08dfdbf,Backlog Report
8fed3463-d90d-4b64-9f07-5b568c797f00,Backlog Report
90005652-704c-421f-8c3f-32b9e7f8a0f2,Backlog Report
9023e95e-ea21-4197-8ff6-1daf510a5793,Backlog Report
902eec71-52ff-411f-9083-b98088995153,Backlog Report
903caa75-98ce-4bd1-8bed-4d4a61d935b8,Backlog Report
9049658e-27ef-42b1-ac21-5fddb4fe3c99,Backlog Report
9058149b-ac2f-4763-bacc-aea3a65ceeda,Backlog Report
9064876e-02c5-41c9-a93a-a48032edbd0b,Backlog Report
9068af89-baf9-415a-b338-078d54aff72d,Backlog Report
907b1247-0555-4d91-ae3b-62a4d175e6e9,Backlog Report
9092a4c4-9162-425d-a09b-75d905e5b606,Backlog Report - Invisible
90a3860b-dff2-4173-a8c2-96b4be6ae015,Backlog Report
90a7463d-a1f0-42ab-885b-245871f16ac2,Backlog Report
90b1fff0-421f-43b0-98a1-dd047639681d,Backlog Report
90b86ade-9ac8-4caf-8a87-e3f14a5d66c5,Backlog Report
91078ba2-d885-412b-a076-053c970d2883,Backlog Report
910f6b6c-f8e2-4d9d-ba36-6c1e1c666ae9,Backlog Report
91102fcd-1980-4497-b666-38d14c434325,Backlog Report
9135d762-f18e-4523-8bfc-b5694433816b,Backlog Report - Invisible
913a10db-b687-49fc-8700-076020d4ff83,Backlog Report
914379ba-c06a-4209-9bad-306737878cc2,Backlog Report
91622e47-3cee-4cb4-8cb2-d86315442857,Backlog Report
9165850b-e331-45cd-ad8c-970fa522f49a,Backlog Report
9165e29f-c893-4e38-8597-0c2939af8778,Backlog Report
9167d79e-a513-4156-b2d4-a5f787ca4399,Backlog Report
91685539-87cc-41f6-8e55-8dcee9945df9,Backlog Report
9170d284-e933-4e5f-a546-784d36134cec,Backlog Report
917c6b98-7be1-4ae7-bd7d-c9fbbfbe19e9,Backlog Report
9182a1bb-6cc0-4c35-812d-380bc592ea58,Backlog Report
918557e4-4998-4af5-97bd-20063e456325,Backlog Report
919613bc-085e-48ae-83fa-83c6ba0716bc,Backlog Report
91b43a78-7287-4d04-8c59-56710fe9c12b,Backlog Report
91c226d6-5393-48db-80c6-fa078553414e,Backlog Report - Invisible
91c6df73-3c20-4af4-81e1-241b79deb286,Backlog Report
91d2e391-0014-4610-9d3c-77e67d697994,Backlog Report - Invisible
91d895d1-25b5-45b6-95ca-173cc092e517,Backlog Report
91dbe5ab-9699-4ed6-97c8-4af1fa4a1300,Backlog Report
91dee807-a3d6-4f5c-9af9-1f80bfc1be29,Backlog Report
91e05f6c-0e1b-48de-841f-7470acb8611a,Backlog Report
91e4fdf3-dd24-48a3-8971-3f7c5212f32d,Backlog Report
91e76928-eb97-4626-976e-3b1e78016a23,Backlog Report
91fd9f03-0b81-45ef-8873-832275f38a7e,Backlog Report
9203a07d-10ba-413a-80a9-cd26df8259ef,Backlog Report
9219df1a-4daf-4155-904f-74f38054efca,Backlog Report
92240388-0cc1-4a5e-a094-d95492f2518e,Backlog Report
9224b0a8-98de-43c4-908c-4a6d827203f0,Backlog Report
92320cb3-7480-465d-a2bb-9f9eee86184d,Backlog Report
923dadf7-585c-4427-bd25-c790221aa6bc,Backlog Report
925d849c-e20f-4321-95c6-9476f386e706,Backlog Report - Invisible
92625f11-2b18-46fc-9d55-c6a47e5bb523,Backlog Report
9285fb20-c273-4837-a44b-4a93b8aa6c44,Backlog Report
92864f67-2fe8-42d2-a8bf-1274fdf1db5f,Backlog Report
928849c0-a921-4d7f-a002-fd13eb4be57f,Backlog Report
928e5d88-2358-4053-bc42-2e5eac64ae31,Backlog Report
92a3aea7-70e9-4406-820d-1a828e766be5,Backlog Report
92aa158b-acd9-4ada-83a2-31aae5575e18,Backlog Report
92c43373-024e-48e8-ba0f-105e4421c50c,Backlog Report
92c9a52c-33e6-44e5-9076-123897b3b60f,Backlog Report - Invisible
92cea491-fc56-450b-95d2-3b1c5e4e8b44,Backlog Report
92d887d5-524c-4a9a-97b0-a37487910c02,Backlog Report
92eb7d01-b289-4a0d-88b4-64f1ca058605,Backlog Report
92eba2c9-ca11-459f-b756-5d1d47946dfc,Backlog Report
92ec8e93-4e73-4a9c-9874-c4f84215adaa,Backlog Report - Invisible
92f99f15-a7b0-4cc1-b59b-916ccb0edf6e,Backlog Report
930069fc-7c6c-49f3-8cdc-489adeb6831b,Backlog Report
9300fc31-b3ad-4206-b362-e69b720811b2,Backlog Report
9304c2de-b98b-4df2-aa3c-58734cdb0e09,Backlog Report
930e3555-3e33-4fe8-9c40-c5789f3d0b47,Backlog Report
9316362f-a095-49e9-9fdb-0a88a92576f5,Backlog Report
93276ac5-e455-4172-a841-a72a85998ae2,Backlog Report - Invisible
934248ce-72c2-4e07-97b0-3282f5b603d6,Backlog Report - Invisible
935dda46-b01c-422b-8dfa-f4f5fa259f48,Backlog Report
938b5308-f910-4368-948f-d093c8854578,Backlog Report
939b5ea5-88a2-49a8-b626-dfa0f999bc03,Backlog Report
939f91ed-5d66-4ad9-af47-cdf4b981ab38,Backlog Report
93ba7e97-a4be-4b63-b8bc-61bcd265a323,Backlog Report
93dfac88-1999-460a-ba60-df473740a548,Backlog Report
93f56268-c3ae-42f4-a27b-d3c5cb815324,Backlog Report
93f85b03-89a4-4e9a-bf31-062c0d58e3ef,Backlog Report
940c7cf0-c62c-4406-9ed5-6d1ecca8c6c6,Backlog Report - Invisible
9413eb23-525f-4a90-b6ad-a1bd06ec0afe,Backlog Report - Invisible
9420b4ed-d28b-4f2b-abb6-d50dfa086c40,Backlog Report
942d09de-515c-46b9-be3b-42374a5903d0,Backlog Report
942e3316-fafc-4ca4-af8b-55d12f352ea2,Backlog Report - Invisible
94312822-4221-48c2-91c2-aeda92180cd4,Backlog Report
9435c724-6f25-4a91-969f-a016cfb54e1e,Backlog Report - Invisible
9441723c-1b04-4b81-855e-ea5425417137,Backlog Report
944792c6-5d55-4f77-b074-cbdeaf0df537,Backlog Report
9453c273-9339-4224-be64-4889670d8108,Backlog Report
9454d5a8-8fa2-4d40-94fd-cdd6b7f98b9d,Backlog Report
94586bc1-c013-470d-b19c-e61d332a56f0,Backlog Report
94592059-4921-4346-a6e8-b8e4531e050a,Backlog Report - Invisible
946403b1-37a3-4a8a-9a5b-002dfa389133,Backlog Report
9474fe60-46aa-4c1c-a99b-9940c76a2489,Backlog Report
947f1b43-2487-4903-85dc-cd70d1e78697,Backlog Report - Invisible
947f1ca7-4ce6-4903-b014-1673787623f9,Backlog Report
94816c3e-0e78-44b6-ba06-a6e345aa2b85,Backlog Report
948805fe-d879-4dea-9045-ee39a23ee2bc,Backlog Report
949325e5-4dfc-4ba9-8b49-e6f224e6427f,Backlog Report
949ac34f-f573-4853-a334-ad2de08feb27,Backlog Report
949cbffb-02f9-48de-bdb9-c4f95f96bf03,Backlog Report
94a8dc12-7cb5-44a6-9d38-0fb5642af95d,Backlog Report
94b0c79b-6bfb-4a65-abf3-fa6830dd82ab,Backlog Report
94b8513f-c890-4af6-a091-5b30d7be3f2b,Backlog Report
94c84825-99f9-4647-9fd8-502d908bc37f,Backlog Report
94d3f2bf-5ade-44ef-86c3-68a8e5362e12,Backlog Report
94d7c303-8fa1-4764-a3c7-443a4fde9055,Backlog Report
94e4b8e4-bb69-4a56-8069-26706998ab83,Backlog Report
94e89c51-1e16-43c6-8b77-725542ad4bd1,Backlog Report
94f5791c-9e06-4bc2-a52f-bde2c3915cfd,Backlog Report
95270287-be81-44e1-8ef2-dce0e286c6f9,Backlog Report
95597489-1ae2-4aac-bc7a-0bfadbe08b5c,Backlog Report
956791da-f866-4906-8d2c-a7c76d6f93ff,Backlog Report
9568ec72-c90d-4594-8d3d-a587f78c47b7,Backlog Report
9573f984-7e21-4e3b-97e1-d522b6d7bb54,Backlog Report
957efac8-c50e-4814-a7e5-c6075c655dad,Backlog Report
9580e5df-c285-4998-820a-5e8115c0803a,Backlog Report
95b031e1-d149-45eb-aac7-09d1e8b9a9e6,Backlog Report - Invisible
95b575d0-ff24-4d03-beb0-c2e016433ce6,Backlog Report
95d257fe-e885-4ebc-b532-3f9659dbe37f,Backlog Report
95f29776-b18a-48c9-b173-1c45cd98824a,Backlog Report
95fbad4d-2f84-4921-b5d7-079924dbd074,Backlog Report
95fbc139-004f-495d-9f28-8a0e067e4e12,Backlog Report
9614c782-adca-4544-bc9c-50a89ff4abeb,Backlog Report
9622c076-301a-495e-9146-b886988d5d2d,Backlog Report
9627f40a-0a4e-4253-b52a-215a4f67dbc3,Backlog Report
9634ca54-2961-4fe3-b789-1bebe1956c2b,Backlog Report
963f2883-d723-47eb-abaf-69f36b7215c4,Backlog Report
964781c9-2915-45c0-8082-35ffd9601c5a,Backlog Report
96498a83-025b-4e5c-afdb-2c60b2b37772,Backlog Report
969442af-b5cd-4c99-82ca-8c0f92b9c318,Backlog Report
96a4085c-4fe4-41ff-a486-b34b1ed1fc81,Backlog Report
96a97270-b39b-4b4a-b4c9-49c75f3ce4ac,Backlog Report
96ad8bfd-dab7-4eda-9772-22398e2c7a66,Backlog Report
96b5c304-7c16-4b48-82bf-7ff30c98f78d,Backlog Report - Invisible
96bf733f-e070-4943-a13d-cf863969b6b3,Backlog Report
96ce899c-8408-4730-ad99-9812f3cfa883,Backlog Report
96d33140-26b7-4dcd-a7b2-85d43234c857,Backlog Report - Invisible
96dfc875-92e2-4d11-a9e6-15771b461e01,Backlog Report
96ec9c97-b3ac-45e7-bd3c-0ca92aac67c1,Backlog Report
96f70679-f78e-4939-9885-4e30ee56ec94,Backlog Report
96f781f6-a00d-44fe-8ec4-e50b8f8ad17b,Backlog Report
970bf860-0402-4bbd-8bda-707f87e500de,Backlog Report - Invisible
970c1294-ecf2-4925-bea0-e1ebca1ee01c,Backlog Report
971a5258-8015-4a25-be04-edce529ba969,Backlog Report
9725b80a-2c2b-4714-95fc-38cac27b5bd1,Backlog Report - Invisible
972666db-b1c4-405e-a4ea-a28e97bc8324,Backlog Report
973764fd-08c5-4095-817b-df6527c377dd,Backlog Report
97456b1f-95a0-4ced-b846-9dbdfb5040ae,Backlog Report
974fed18-c492-4f2d-a906-ff9f5ec39bdc,Backlog Report
9750aab0-169e-4a0b-a008-f1c2d7d46e5e,Backlog Report
9750b733-d01e-4f57-8b96-431f06f45c66,Backlog Report
975ad248-4dc8-43e8-b143-2cfb0751b358,Backlog Report
97646e76-f1f8-4a43-a8d8-f3b74fa365a2,Backlog Report
9769ae34-bfd5-4c8e-bd6d-07ee7024d55c,Backlog Report
977eff93-39fc-4154-b3e1-ac3ffd5b6ffe,Backlog Report
97ad5817-d35f-4818-b27e-5a622f16db8c,Backlog Report
97d71226-2ddf-4e79-8cb5-6daec9db2d78,Backlog Report
97e92eff-0860-4e4b-adb1-28baae550916,Backlog Report
97ecf6c2-879e-48e8-acb7-a4284030396e,Backlog Report
97edcf58-2d55-4a87-8f0b-d0e6c57fb4f5,Backlog Report
97fa4fc2-5879-4ba2-8d33-cbbecb3aea07,Backlog Report - Invisible
9811de6e-f78d-4814-ab15-0b80ee2dd878,Backlog Report
982bc017-cc77-4454-95a4-2f51db2972a5,Backlog Report
9837e497-98f1-4a7e-8579-7996fa601f71,Backlog Report
9847ac66-714e-4990-a110-352c14a4194a,Backlog Report
984be99e-27cd-4c53-9bca-7a18b3579609,Backlog Report
984c1431-536b-4f07-bfac-57c15dfc8108,Backlog Report
984cd0ba-eed3-429e-9eca-a520e7b133e6,Backlog Report - Invisible
985767f2-8033-4f15-a317-11697c979f40,Backlog Report - Invisible
9860ec78-5e27-453d-85cc-f66220b74f55,Backlog Report
98615dc6-a643-480b-84c2-58d478bc9b22,Backlog Report
988d6101-5dfe-46c5-a6a3-2f2ba91882f5,Backlog Report
98a18ff2-b2e7-4ee4-9d75-0ad6ba7af1c8,Backlog Report
98b0eee2-a258-49b6-8a77-6cb96c7eba7e,Backlog Report
98c21953-f6ef-4b8c-8f37-edff76950b14,Backlog Report
98c4164b-9621-4157-bae8-ff5e815f195f,Backlog Report
98c6ae37-c8c5-4ed8-b18d-27cdf4faa1f1,Backlog Report - Invisible
98cbb30e-d277-4653-a16a-caa9c17b9584,Backlog Report - Invisible
98d0250f-dbdf-44d7-8942-9d4023f290f6,Backlog Report
98dae831-982f-43e4-bf81-dc694727a0d9,Backlog Report
98dcc604-7461-44a3-bcf0-4d026484150b,Backlog Report
98e0b160-03b7-4164-8de9-688225bd33fb,Backlog Report
98e11ee0-6f96-4bfc-8d19-b161eec65645,Backlog Report
98fb4e23-f0ee-4581-88ef-a15de4becf57,Backlog Report
990c4393-d30b-44cc-b3c6-39c2070593cb,Backlog Report
991af088-7d65-45a6-bb76-8efb057b61b5,Backlog Report
99263ec4-1073-4fb5-9bca-81ffed7ea0f8,Backlog Report
992b7ddb-adae-45b3-90ed-67147f75ed6e,Backlog Report - Invisible
992cc51a-383d-45dd-9bfd-ce9ec2400c8e,Backlog Report
9943f375-b24d-4e30-8516-2bd76af53590,Backlog Report
99487373-96e4-414a-86cb-e5e0023154f9,Backlog Report
9957ff94-1f0c-48d6-803d-8dee32222fc7,Backlog Report
995babab-7e96-49af-94c7-7d9b5ab676a9,Backlog Report
996dcba7-306a-46b8-b3ce-b28ef9eb25d8,Backlog Report
997bd3e5-97d8-4beb-96d1-1ec143f2b5e7,Backlog Report
997fc9e1-ae60-429a-a979-a4d076ecc59e,Backlog Report - Invisible
9982d0fe-fdbd-4d5b-9d16-fe36280a8ad1,Backlog Report
998bf08e-c970-463c-8c55-f6dbe3b9c17f,Backlog Report
998eec33-428e-47c1-8ef5-3a44b4aeddf4,Backlog Report - Invisible
9993934b-e324-4cf7-b8d6-f54e7c0ed691,Backlog Report
9994f435-3bce-419a-ae8f-aa39448c386a,Backlog Report
999d49be-6454-4eca-ac1c-4ed6b3a494c7,Backlog Report - Invisible
99a72694-607c-4acc-a885-e16c2e6db331,Backlog Report
99a87b82-b5b1-4cdc-ba5a-161807d56817,Backlog Report
99aff89b-1ea5-4b0e-801c-73f3257db5c3,Backlog Report
99b01472-c770-469c-adb8-aa2051947603,Backlog Report
99c130ff-3b3f-4745-9559-f1a109b2ae48,Backlog Report
99c26ff3-f5f5-4525-9564-cc3a2b3fb9f9,Backlog Report
99d6bdb4-5871-4888-b5fa-45454b7a9ef5,Backlog Report
99d7d042-e237-4267-9cda-3c5b553b9366,Backlog Report
99e2f074-e35b-4c3a-a484-781b54283039,Backlog Report - Invisible
99eaaa16-09b8-458c-b45f-ad4fbce198f2,Backlog Report
9a04fe25-f651-4d5e-98fb-a4207da65bd4,Backlog Report
9a09c10c-da6f-4fb5-ae7c-20b0566699d1,Backlog Report
9a218c5b-aa83-43c5-ad12-86efa08df242,Backlog Report
9a356edf-d122-4c82-a539-2da9de7a9906,Backlog Report
9a3a0c19-b8c4-449c-b664-ffde671447b5,Backlog Report
9a420e8e-9cec-4aea-acf6-af997e511760,Backlog Report
9a58ffd1-6b8a-4ddd-b423-c8c4c555143e,Backlog Report
9a62d735-931a-4a36-befc-67d6a1b69e73,Backlog Report - Invisible
9a9a8953-6882-4167-9443-a8d1d47fd12a,Backlog Report - Invisible
9ab9a4ed-79bf-47e0-b26f-a738a4afa504,Backlog Report - Invisible
9ad6a052-eae8-4e36-aa42-396bb70d9f26,Backlog Report
9ae7641d-9c9d-46a9-8092-7bf688ddb6ee,Backlog Report
9aea5d67-f387-42fe-bef6-65951ba1e974,Backlog Report
9aed31c7-5937-4ba6-b4dc-cdb6d9df8707,Backlog Report
9af63e3f-bfa7-4aac-91ae-dfb3774fcebc,Backlog Report
9af98ddd-23ea-489a-977c-de842569f10b,Backlog Report
9afa3dde-a812-4116-abe2-73ca26148ed6,Backlog Report
9b079b33-0099-4e62-ad17-acc979873b2f,Backlog Report - Invisible
9b1dc631-6478-4baa-8632-cb6d00fdce64,Backlog Report
9b385cb1-8761-4a39-9fb1-caf8eb273365,Backlog Report
9b580be9-a79e-49a1-a3a6-3071e7436f66,Backlog Report
9b5dd93b-1eac-4476-a95a-1abe0e24153b,Backlog Report
9b6bd127-4714-4e7b-abf7-359966534ac4,Backlog Report
9b8f27c8-866f-4d88-87f3-cfa83745aaba,Backlog Report
9b9947cf-a435-44de-846a-2e8e0e951b0f,Backlog Report - Invisible
9bb17755-7737-4ca7-b09c-3870f12efffe,Backlog Report
9bbdcd2f-3e9c-492d-b71b-6796eeeb4a7b,Backlog Report
9bc2b60f-5270-4b19-8ea5-884b33965c61,Backlog Report
9bc8859e-74b4-4353-9702-9f0d7c10d135,Backlog Report
9bd3cfce-1344-4ebd-ad8d-3f157cc84cdb,Backlog Report
9bdbd338-62e0-4974-92da-15ed7751a599,Backlog Report
9be064ed-c2c5-4c5c-87ea-c8bb2e52e0a0,Backlog Report
9be12bb4-8829-4265-97b6-7982012e6e7e,Backlog Report
9c1bed27-5630-4803-95c1-aee3b4007715,Backlog Report
9c1cd8d6-0708-4e4f-8b8d-1945b803668d,Backlog Report
9c221809-0065-4bcb-8abc-305cf04f3504,Backlog Report
9c2300d1-5fe5-468e-af29-785503f4a562,Backlog Report
9c2c545c-c206-4118-ab29-1531d7463e63,Backlog Report
9c33371b-64ae-453c-bc1f-f199a5eeef45,Backlog Report
9c4c8175-448f-4f88-993e-7048d64957e7,Backlog Report
9c654183-b67b-4706-93ed-d2b5264ddea1,Backlog Report
9c82bd0d-cbbc-4172-9413-74682b26af5a,Backlog Report - Invisible
9c8a9c19-53d6-45fb-9e40-66372c5642fd,Backlog Report
9c8c7cf5-c62f-4a4e-b6b0-ca3eb9f35cee,Backlog Report
9c9ac769-9f53-432e-8282-bf0abf737689,Backlog Report
9cac67a3-49b7-451e-81e6-64dbf403b37a,Backlog Report - Invisible
9cb091af-60bf-4216-8d0e-8f67cd08384e,Backlog Report - Invisible
9cb448c2-a16f-4651-b998-d3f1064cc75a,Backlog Report - Invisible
9ccd4684-d675-4a0e-911c-363328fa27b7,Backlog Report
9ccd6904-163d-48fe-84e3-559ea4892d9d,Backlog Report
9cf979cb-bb9b-467c-bdf1-102456bdb45f,Backlog Report
9cfa2be3-4f8f-4847-a5d4-c57ed3ba9656,Backlog Report
9d026173-f171-4210-8291-e599132c0095,Backlog Report - Invisible
9d2c4e48-07e1-4139-bdad-d4258f59736d,Backlog Report
9d34b6f9-efaa-4101-8686-0f6393039cff,Backlog Report
9d406e36-4c44-4118-8754-f2fbe685712d,Backlog Report
9d602621-a0ee-4a0c-a1f1-9e54ccba7de3,Backlog Report
9d66c1b5-4aff-4b29-acb6-4deed3cd7cb4,Backlog Report
9d715c11-fb1b-4350-8f01-e81b88b4dfcd,Backlog Report
9d75b474-df3b-499e-8bf6-09622f34c347,Backlog Report
9d78edfa-2865-4123-b402-041420648563,Backlog Report
9d7d261a-675b-45e2-8307-e2ed73e27ea3,Backlog Report
9d8c5f64-50b9-4f1c-818a-41af8345b4c8,Backlog Report
9db21355-a5f9-4c2c-836f-a73ff894e2b7,Backlog Report
9db4effb-949f-454d-9cd5-ec301d9cc34b,Backlog Report
9dcd0863-1a1b-472b-b7b7-1168baaec9b9,Backlog Report - Invisible
9dd0c965-8797-469c-8ad7-48831b70d0cc,Backlog Report
9dd2daee-f345-45dd-aa3c-89a3f52e8ee9,Backlog Report
9de0ac23-1653-441d-8263-9feb5428fa9e,Backlog Report
9de2a90e-53b6-4d7e-8554-db7140a0864b,Backlog Report
9de2c5a0-5434-4b52-abaa-33a7a5891634,Backlog Report - Invisible
9df2b712-fb71-444f-a711-e7c188360f67,Backlog Report - Invisible
9df8d549-8ad2-4bc3-b024-73f5cacc54b4,Backlog Report
9dfe021d-3269-42de-8405-39cb0e24ae35,Backlog Report
9e035f91-f3c6-40f5-b852-2bf71ad6616a,Backlog Report - Invisible
9e0d7b1f-0dbc-42f1-934b-f6f2963987b3,Backlog Report - Invisible
9e125782-0459-4730-b737-9f4f7bad6c96,Backlog Report - Invisible
9e16c410-d1a2-4567-b0f1-dd3929995e70,Backlog Report
9e25d95f-1bcf-476a-92f4-481a6b0b230b,Backlog Report
9e27b94b-d22f-4e5a-ac1a-ca1da1ea65a9,Backlog Report
9e2ff6f9-a9cc-4743-9e39-d36c452d878a,Backlog Report
9e380ad9-3d10-4f18-b951-cac402cf6f4a,Backlog Report
9e44330c-bccf-4afb-bab6-0e7ceafe94f2,Backlog Report
9e4b0256-57a9-4ac9-ae9b-2f6d249910e4,Backlog Report - Invisible
9e58001f-10e3-4b6e-87ab-32ab983d62be,Backlog Report - Invisible
9e5b386d-3133-4fa0-9849-1fd09fdb058c,Backlog Report
9e6228c6-89ec-4c48-bc27-8825900a6d29,Backlog Report
9e63282c-442d-4f2e-8eef-e6a16474dab4,Backlog Report
9e64a7d9-2ef5-4a2d-9fae-4a62a4a479dc,Backlog Report - Invisible
9e6fe511-7816-44be-b58d-61f3823dd7d0,Backlog Report
9e703f6d-10e1-4efa-ac04-3d1b07758851,Backlog Report
9e8a3486-88e9-4ac9-be00-3a2c3a7411b0,Backlog Report
9e8c0fbb-5351-4f63-ae6a-5d2d9c056ca0,Backlog Report
9e8e6598-6cda-427e-9ce4-bddf48a435f0,Backlog Report
9e943878-f966-4a7a-b3e2-0436355d39c9,Backlog Report
9ea44002-b8ef-4a01-9fdf-be0184acf657,Backlog Report
9eae6647-1abb-437e-8319-a7719228b70d,Backlog Report
9eba0145-a975-4bce-b387-867e58e94116,Backlog Report - Invisible
9ec4cd06-586c-45e2-a11f-dba306f95868,Backlog Report
9ecce4c9-1815-48c3-8285-8d5ccb43c945,Backlog Report
9ed1fdb1-c7e3-451e-a62b-440b9287b30f,Backlog Report
9ef7f68b-3e8d-4232-8ece-02366644c163,Backlog Report
9efd7788-0b26-460a-9fad-983b53e55fd1,Backlog Report
9f035818-3546-40a2-a3f4-fe3db6ff9885,Backlog Report
9f0401e7-8299-4b13-84b9-0cf1d2052ad0,Backlog Report - Invisible
9f05dca4-0589-479c-819d-639e513fb0fc,Backlog Report
9f0dea88-89c0-46fc-a026-9b3dae225bd0,Backlog Report
9f118f7b-3de1-452b-bdde-aeaafec639c7,Backlog Report
9f125703-8bab-4035-af12-6c7afa7050a5,Backlog Report - Invisible
9f223bc5-74e7-43c1-b547-5127d4766b65,Backlog Report
9f2dcdda-c5b6-49ae-9eb0-d39b0f2f3c5a,Backlog Report
9f3b12f9-005f-42b3-a407-5e2760e6a851,Backlog Report - Invisible
9f3ba0ea-d560-49d6-83d1-fd23be3b7937,Backlog Report
9f47efad-0a00-48a4-8f9d-75cb7476a0d3,Backlog Report
9f50e6ff-6401-4b09-b989-6bd909b7b884,Backlog Report
9f60480a-8ba1-4401-b2e8-5f6ea1093bc4,Backlog Report
9f730625-81ba-4ffa-b768-c2c4de480609,Backlog Report
9f79edd6-0cad-4212-88c6-785004318095,Backlog Report
9f81f712-eccc-4612-9f1a-e821dc1747a4,Backlog Report
9f96f67b-a03a-4c8f-a940-7c4103f36c68,Backlog Report
9fa777d5-ac37-4020-bcbd-8683c0905c02,Backlog Report
9fc0c2f3-4f97-477b-9cd2-1e8c4835b01c,Backlog Report
9fc39574-e279-4f19-889b-074b1dca299b,Backlog Report
9fc43000-5063-4208-a3c0-356334c0e056,Backlog Report
9fc9f2cc-b370-4fe3-812a-b9e4c25aa8f6,Backlog Report
9fe1a6b6-1f34-4dd3-af76-efcdecd8cd07,Backlog Report
9fe1b5f1-b7cd-45cd-bbae-db978bf5696a,Backlog Report - Invisible
a0119668-bcfe-4d2b-8add-34fd25f8421c,Backlog Report
a01606d9-9c4e-4b58-bada-93de19ab91a9,Backlog Report
a027580b-7f67-46b2-a977-7dd1da801e03,Backlog Report - Invisible
a054157a-7a6e-4dc3-935f-4fde613e26a6,Backlog Report
a098f40c-f3c1-4fc4-9474-fb1436d8e5ee,Backlog Report
a09feee1-9805-4022-a6d3-3487ad9da115,Backlog Report
a0afb9a6-1809-457f-91a8-7f392b55464d,Backlog Report
a0b16ce4-a579-417f-bb1b-c523def0d2de,Backlog Report
a0b64157-a508-4cf7-861c-150f0f7b0342,Backlog Report
a0bbd8f7-b671-4135-8c79-a517ce18f93e,Backlog Report
a0ceca11-229f-41f9-a398-66cb64396318,Backlog Report
a0e5e5d9-05b9-4d1a-bd2b-20271155a039,Backlog Report
a0e6ba5f-d08c-40bb-8db6-3d428e32e6d6,Backlog Report
a0e9d455-8237-4ccf-9d9f-0e3d4c41ee9f,Backlog Report - Invisible
a0f24df0-6c98-441c-b833-76e26d9f8f7e,Backlog Report
a0fc0077-0b22-4ef6-9352-9230042307aa,Backlog Report - Invisible
a0fe5956-ff65-4f1e-a20b-ccd55084025c,Backlog Report
a10fb372-5072-4da2-bc85-119a62d97839,Backlog Report - Invisible
a11b4b6d-7e36-4aa3-9cce-2780e96cf6f5,Backlog Report
a1614526-65da-470e-a63e-4b67786271a0,Backlog Report - Invisible
a1835154-ca0b-45c0-8863-d84230567ed8,Backlog Report
a1883e56-f1fd-4e54-902b-a62e5c84f52a,Backlog Report
a18f5ae1-fdca-4e13-878b-f479c29c80ef,Backlog Report
a19107ee-a036-4d7f-81ef-e793cd66213b,Backlog Report
a1a37731-146d-49ea-a318-282ad51af64c,Backlog Report
a1be137c-8fab-49cf-933a-d742460ef5bc,Backlog Report
a1d01c0f-a549-4d09-9a20-00df23ac91bb,Backlog Report
a1d3c295-2481-4adf-84d3-54947befe716,Backlog Report
a1e9849b-2940-4605-94b3-0ba780a82640,Backlog Report
a1f1d8b1-a88f-44da-8cd4-53e2d9b48a0b,Backlog Report - Invisible
a1f66ad9-9843-47a0-a360-4cdc8c185d0d,Backlog Report
a20cc9e6-e92c-459b-a55d-3c2d1559f999,Backlog Report
a21531cc-e066-41a1-800d-aecc38e37e4c,Backlog Report
a21ca45d-9f59-4dcc-8afc-8761a5f3e29b,Backlog Report
a21fce37-a9bb-421c-a330-98d9e7638dbe,Backlog Report
a2233a52-b40c-4b2e-9257-672fdb0517bc,Backlog Report
a241d581-a043-4039-98c6-3257d6904235,Backlog Report
a242c907-c95f-4acf-8e49-48d3035def1d,Backlog Report
a2460328-3da7-4491-af83-8470aea75e11,Backlog Report
a25637d5-539d-4f3a-8850-659ee78d6fc1,Backlog Report - Invisible
a259e2a3-dc8a-4512-aec3-2d496479f992,Backlog Report
a2664a6f-4868-4fb8-a940-f1da2a56844e,Backlog Report
a2946838-8347-4935-85cf-622485ce5872,Backlog Report
a29cd9c8-14c4-4b7b-b2a5-b06816dd085f,Backlog Report - Invisible
a2a213e7-1f7c-4edb-907b-dad7660ec417,Backlog Report
a2a2fc6d-5cba-41c4-a7dd-84bab9b2e506,Backlog Report
a2a32563-2a9b-4f5e-a202-1a29a3c73287,Backlog Report - Invisible
a2b6f5d6-b447-4520-b674-c60e40983357,Backlog Report
a2c7604d-860d-458e-ae99-68081601f8cb,Backlog Report
a2d90725-317c-456b-b9b3-2447c8cf3a0d,Backlog Report
a2edc24a-6b38-4525-bec4-198e704179dc,Backlog Report
a308b6cc-d9de-409e-ae7c-b8a2c21bb179,Backlog Report
a313ef28-ae6c-48fb-8cf2-a22c53b8cb2a,Backlog Report
a333b9c5-982f-4f40-b15f-9a09d33d8227,Backlog Report
a3766bfa-5409-49cc-bdb0-66fabe319be0,Backlog Report
a3823adf-89e1-4e5a-9969-a19e7138af69,Backlog Report
a3928d36-f802-4b78-a580-f3b3337ad3b7,Backlog Report
a3a68157-27e2-4097-aba7-f91d12a39f66,Backlog Report
a3ab74fe-fdf6-4a2c-91a1-bce8fd73e336,Backlog Report
a3b6d69d-3526-4e19-82ba-36bf138e1186,Backlog Report
a3bb73f0-14e4-4c08-8bfe-4eb5b02b6e95,Backlog Report
a3c48e36-e5e7-4d42-856b-78b63bcd61af,Backlog Report
a3ce2682-5fde-4fa3-aa94-12f2bcc545f3,Backlog Report
a3e839b6-e09b-4589-aaba-31ea1f74dcf5,Backlog Report
a3fda51f-9350-4f40-9abb-0a7706b980f0,Backlog Report
a407068b-7dbf-4df5-8ec2-fba8d00c2d2f,Backlog Report - Invisible
a43a57b7-4bda-48bb-8f7b-0c3038721d78,Backlog Report
a43bc75a-b70f-4da5-9f7a-483548ecf719,Backlog Report
a441e2c4-9f0a-46d6-ad23-c5a3ddafd524,Backlog Report
a443dd44-b0db-4ea0-95dc-af4ac1b025ea,Backlog Report
a45ee736-c149-4492-a4d9-088d489a36c4,Backlog Report
a4654074-a9f7-42e4-ab88-6d9cc02e854a,Backlog Report
a4661652-e2ff-48be-951c-57f5c695846f,Backlog Report
a478e25e-e795-426a-9e2d-0ff0d45f0ec4,Backlog Report
a4b9e95b-51a4-42e6-9254-84f5bdbd5575,Backlog Report
a4c7305f-9fa9-4c23-bd47-9e68376db877,Backlog Report
a4ca6a77-ad6f-45d1-8514-9638021730bc,Backlog Report
a4d2c904-0461-4d05-9cd6-838a7670784d,Backlog Report
a4de3d8d-fa22-4a16-9351-49d4e53eb8c1,Backlog Report
a4e6a4cf-fcb3-42ec-be2d-faaee65b3680,Backlog Report
a4e9e8fa-52bc-4948-90b0-0b364a3d3832,Backlog Report
a4f1895b-2287-48ac-9715-d81f8623e46d,Backlog Report
a5022114-cda5-4515-be8f-af06a49b6bd2,Backlog Report
a51dcac5-2930-4ee1-a3be-88cdd9c65baa,Backlog Report
a522ede2-bfee-4ace-baaa-c694fda1d5ec,Backlog Report - Invisible
a527506f-61e4-4864-9b97-93efaabe5ff4,Backlog Report
a532ef8c-4015-4288-aeb6-df93a487d27d,Backlog Report
a5346d1b-df35-4a8e-834e-be4cc81f5432,Backlog Report - Invisible
a536269b-6a81-4f2f-93d3-c125224263aa,Backlog Report
a557ac9a-9f68-41b7-91f4-dce576243e99,Backlog Report
a5669841-3f71-409a-8022-c3bac0be3cf0,Backlog Report
a5674d53-e5b2-4195-986d-44185810b1df,Backlog Report
a56a5ef1-d324-4ddb-a087-26e8cf2d897c,Backlog Report
a57068b2-2d6e-4c41-89c0-2ef930cfed4b,Backlog Report
a595af96-d9c2-470a-89da-7d47b7fea000,Backlog Report
a598abc0-a4fe-4d73-84d2-f7900247a45c,Backlog Report
a59c214c-3aca-44b9-a3a7-6dfeb93b0f98,Backlog Report
a59c8c57-e844-4ce0-b710-ce8dfcce2cda,Backlog Report - Invisible
a5a3a9a2-cee9-47c3-bbb4-4c823166b1e8,Backlog Report
a5aa2297-1092-4c62-97c4-a54a54d6ebf8,Backlog Report
a5acf468-1fc4-45a0-ba86-32b985d504c1,Backlog Report
a5b9865e-314c-4d9d-bd5b-30a362ae1131,Backlog Report
a5d6c1e5-b003-40bb-ac9e-1a0ab9a6e664,Backlog Report
a5f21352-b1da-4701-b21f-e4136e475a7e,Backlog Report
a60cd96e-126a-4837-bd42-5f0e1aa97a2c,Backlog Report
a60e1e9c-b317-4e76-a6cf-2b94fc1815fc,Backlog Report - Invisible
a6368705-2ee4-4a76-a103-c79050d95c5f,Backlog Report
a6394b39-52f9-43c8-b84c-43ee4194bff7,Backlog Report
a63d3191-b0f7-4175-a8b1-577b7c5bfd8e,Backlog Report
a665cfc8-f1ea-44d9-95aa-21206c056abd,Backlog Report
a67b683c-2ae5-41cc-abc0-5f5f1f6e9131,Backlog Report - Invisible
a67cb420-2820-45db-b4a4-6197e2c0e494,Backlog Report
a684212c-55f8-4ee9-99ed-bbd9d88a9bcc,Backlog Report
a6a3044b-8d94-4b29-9bc2-4eaf9fc827a7,Backlog Report - Invisible
a6c9503c-f103-48ca-9ccd-881ac9e036e3,Backlog Report
a6d31808-451a-4d98-a646-68dc89a911d7,Backlog Report
a6dc8727-9715-4efd-b73b-8b1bacf32545,Backlog Report
a6f6b8bd-d4e8-493f-a689-65f52ff1cf63,Backlog Report
a70d31de-4903-4ff6-bf0c-a6c39d5060ba,Backlog Report
a7158b37-193e-4b7e-b1ff-1c4b31db8940,Backlog Report
a73f2ad1-e17f-4c75-9c16-84cd75949a50,Backlog Report
a74248ec-64d5-4254-820c-02197401f47b,Backlog Report
a7514c28-32b4-4688-a543-70a3b27e3ab5,Backlog Report
a75baac5-3121-4d41-916e-cb99656e210b,Backlog Report - Invisible
a75d6b4f-ab1c-4d9e-a463-d34fa76bf600,Backlog Report
a75df70a-a938-412f-ac2d-8c47432e0ba5,Backlog Report
a75e072b-78f1-4c91-86f6-4ab934e1d3c3,Backlog Report
a76524ee-86a7-4049-9e25-fa9b38b064c3,Backlog Report
a765e1f2-ebe0-463a-9b72-f55d5cc0170e,Backlog Report - Invisible
a7681002-a7be-45d9-839e-c293bd100325,Backlog Report - Invisible
a76c8bd2-b855-4a2a-ab05-b3dfca618aaf,Backlog Report
a76db507-7c53-44a7-8448-645a5a0475d3,Backlog Report
a770490e-1511-48b9-9ab8-38056d700749,Backlog Report - Invisible
a7745bf5-0806-4785-902e-372b647dbed2,Backlog Report
a7ac01cc-6508-4dba-aa4d-29da1fe3074f,Backlog Report
a7be634c-0812-44df-8eb5-d43a08c9dd7f,Backlog Report
a7c4ce45-f219-445e-b648-a2810a8b4fc2,Backlog Report
a7d92239-cd5b-431c-9836-2cb07182c7c7,Backlog Report
a7e5aa18-8394-4737-bf52-a484c8b1065c,Backlog Report
a7fa3056-d777-4e15-8ebd-d6c387fb4b04,Backlog Report - Invisible
a8055186-4d73-4807-bbaa-98657d6345f3,Backlog Report - Invisible
a820defd-18ec-4108-a60a-5de33a72e4a9,Backlog Report
a8360510-3644-4cce-bddb-c239ec9ee07e,Backlog Report
a837f823-5e46-4d0f-89e4-08747ea7d17f,Backlog Report
a8472fa7-033b-4306-ad37-8826a2c7f7c8,Backlog Report
a84b87ab-10a9-4cbd-a954-f805e067a5b2,Backlog Report
a86bec01-ac1a-44eb-b57f-d8f7c10f54e5,Backlog Report
a87a073e-4a93-4dd1-b618-79cb3f740ee2,Backlog Report
a887601e-3555-4ffb-a80e-e9b0d1516e38,Backlog Report
a8a8e555-88b3-4bd1-ad04-5ddf1bce8de7,Backlog Report
a8af1b74-765d-4caa-9a8a-f392cc3b72ed,Backlog Report
a8b75a3c-3dc2-4e0a-80c1-7d6ed5ab2f8a,Backlog Report
a8c04ddc-5ed4-4ca8-a83c-7a3151de6f18,Backlog Report - Invisible
a8c280dc-165d-4235-a890-07c36f475408,Backlog Report
a8d03125-1332-4e3d-82fc-0bb13d37db27,Backlog Report
a8f39371-ceee-4e1f-8f72-e1743eef0fb2,Backlog Report
a8f7b893-c8d3-4671-8ead-39bb4cb211c8,Backlog Report - Invisible
a8f84a35-92e5-496c-9957-1f7c48fc64c5,Backlog Report - Invisible
a909fb3f-6fc7-4783-a73a-c41a3969cb7b,Backlog Report
a90f3d0e-e985-4305-af04-1a8c5b8868c7,Backlog Report
a912c36f-d982-4e4c-bc02-e587371b5526,Backlog Report
a9159888-50ad-488d-8c2f-35f6e6a45a80,Backlog Report
a91b72af-7036-4504-8431-82c94aabd3cc,Backlog Report
a9245fbf-ef9b-466f-a0c7-f7fb101db543,Backlog Report
a929691d-7762-4b22-97bc-807445f3f749,Backlog Report
a930d824-4eea-4a20-b3b4-55d413ce073f,Backlog Report
a9343a7e-fe5d-412b-9699-f71839f61d8e,Backlog Report
a936484d-7092-4c24-b577-13323d1bc6f0,Backlog Report
a9484963-0bbb-461b-809c-8582fe57098e,Backlog Report
a953684c-503f-458b-85fb-d7e8a150464c,Backlog Report - Invisible
a956258c-de26-4abf-ae7f-7788b1f4c5dc,Backlog Report
a95dfb2e-7814-4927-9b04-40ef81b25b71,Backlog Report
a9655a46-505b-4ea2-9398-012bc5db0d92,Backlog Report - Invisible
a96bea72-f41d-441d-8016-ade8e558f157,Backlog Report - Invisible
a978cc8a-7242-4609-9dda-e76424110481,Backlog Report
a97929de-fb11-40ee-97e5-75ac2d580cb2,Backlog Report
a98cd0c6-2a2a-4a9b-a089-612cf9718c5f,Backlog Report - Invisible
a9918708-78d6-4846-9394-69d2f6ae22d0,Backlog Report
a9954445-2ff9-4e47-9034-87f73d271bb5,Backlog Report
a9a8da24-29c6-46a0-8bf7-b48a15c3a4e3,Backlog Report
a9aa80d7-3ff7-485b-bc72-f9b40e2b9744,Backlog Report
a9cd1213-5212-4af8-bc28-9e8445113f98,Backlog Report
a9ce185f-00ed-4727-8b84-8763a61217cf,Backlog Report - Invisible
a9e08889-2b08-4e62-b20f-067aad62f490,Backlog Report - Invisible
a9e3e7fb-687c-463c-a43d-f1dd9bb434c2,Backlog Report - Invisible
a9e70c7b-a9f1-41b8-98f1-2f638abd2789,Backlog Report
aa05794d-89b9-4711-adfa-805582fddd7d,Backlog Report
aa183160-0e6a-4fc3-9f36-f8843fbdfdd3,Backlog Report
aa1d931e-19fd-4154-8226-332cbc5faf46,Backlog Report
aa2cb991-e58c-4bec-8a83-94a42f1a6773,Backlog Report
aa2e9ccb-fd51-40ae-800d-791a52806efc,Backlog Report
aa3b0b82-ab9e-4249-b241-db7a5318294d,Backlog Report
aa61f37f-e49b-49b7-bd95-320b91f1c8f2,Backlog Report
aa6dce7b-01c4-45d0-80dc-97463e52a0f4,Backlog Report
aa6f995a-f7b8-4ff0-a97d-6e039241ab2b,Backlog Report
aa7b9fd9-69a9-4edb-86e6-17638e2ca812,Backlog Report
aa7dbf6a-f33e-4f4e-bc3b-7480ba0ffcfe,Backlog Report
aa7e52a2-efad-47cf-bb41-087625d0c677,Backlog Report - Invisible
aab3d33d-44f4-4dfb-9a83-e45337716558,Backlog Report
aaba758b-1e88-4eaa-9b51-bba12e62c999,Backlog Report
aacbc207-0137-4786-8134-ff3ceecbda47,Backlog Report
aacd8160-bc45-4b0a-8444-255e44735788,Backlog Report
aae0077f-8f83-42c5-bf69-590cb48b8f22,Backlog Report
aae9c7fe-54fd-4c42-af31-15b995a76a25,Backlog Report
aaea8b89-8297-4281-8c7a-3d53c685a497,Backlog Report - Invisible
ab0bcab2-d4f7-43ed-bd0e-2f4b0d229531,Backlog Report
ab12f6fc-57a5-4d6c-b622-07666c0bfe33,Backlog Report
ab162a7e-c2b7-4bef-b60d-9961e690f462,Backlog Report
ab276d49-d64a-4b58-ab08-48849700e60c,Backlog Report
ab2b945e-3dbc-4474-a42d-4723218052c0,Backlog Report
ab416499-aea5-4048-b357-55d822bac05b,Backlog Report
ab439f93-2079-498e-9cb9-66cb5cd94144,Backlog Report
ab58019f-47c6-4642-8b95-39d182e4f44d,Backlog Report
ab5ad62a-bfc2-4531-a20c-32ccc46e1658,Backlog Report
ab777903-c5a3-4acc-bd30-b98a473d66d5,Backlog Report
ab7c397a-7f5b-486d-a94f-b051a421850e,Backlog Report
ab8dba9a-2a9a-4939-b7d1-095535007ef5,Backlog Report - Invisible
ab93d0f3-307b-4a74-afcc-041a8f3eee86,Backlog Report
ab9cde82-840a-45f5-acbe-664c4c70cad8,Backlog Report
abb6f351-9e4b-478e-8790-8d0dde6eb5e1,Backlog Report - Invisible
abd18aea-f6ee-4fc2-9e74-f3e57b87284b,Backlog Report
abd6c7b8-24ee-4cab-b537-b7de03239aa1,Backlog Report
abd7278c-acb3-4d22-abaf-0d04afddcb43,Backlog Report - Invisible
abeaff0f-7583-4de8-b83f-e1a6bf6d78d8,Backlog Report - Invisible
ac0d85d5-96eb-4612-8b4d-be1d39d8ebfa,Backlog Report
ac1e66f0-0a81-49f6-88a1-3c4e02999d0a,Backlog Report - Invisible
ac31ac6b-4bfa-4e9b-9be6-c57078c02ea3,Backlog Report
ac37611e-647b-4528-8e36-0a4d2989e77d,Backlog Report
ac51bf7c-1de5-43df-9e55-2d980576815a,Backlog Report
ac530bd5-a7a6-4589-96d8-d6a033063c6b,Backlog Report
ac75375a-b859-4b1b-9f46-a69ff5aaef73,Backlog Report - Invisible
ac90ed8a-d82d-4873-8a17-2a4d892a8183,Backlog Report - Invisible
acb9bcba-eedd-4352-b39f-7f41f2851f25,Backlog Report
acc0dd84-f163-4e31-adeb-85b932c0be80,Backlog Report
accf6566-8291-4f11-bac6-2894d1215de7,Backlog Report
acd2b361-b064-4d84-8e31-84ffbe0f63a1,Backlog Report
acd84ef8-24f1-4521-bffd-2e464ab34e5f,Backlog Report
ace4a137-f542-4743-8687-b94fb3142202,Backlog Report
acf92d35-b65d-4805-924f-499e68898d56,Backlog Report
acfba65c-ed89-4022-aaf7-06bd5401e4d7,Backlog Report
ad03a887-407b-4d8a-b210-2ca6b0fa1a1a,Backlog Report - Invisible
ad0561ca-683c-41a9-962c-d8de20c94618,Backlog Report
ad08a527-2572-42e0-82f3-04bc2c237265,Backlog Report
ad0d5552-4f1f-4111-96ed-ad1cd1942d60,Backlog Report
ad0e14a7-1c9b-45f1-a8ed-bfb193b4b8c8,Backlog Report
ad140dc1-7451-4bc8-ba23-96c9a0f930d8,Backlog Report
ad17375c-ac2f-4cfc-9841-3b6caf72566d,Backlog Report
ad3c8c96-7d3c-421f-b7a9-137b6628395f,Backlog Report - Invisible
ad3fbda7-491c-4002-bbce-c9a51d0c5790,Backlog Report
ad497b4e-1ff5-484f-907e-d8a91dbbe651,Backlog Report
ad4fdc68-8155-4d9d-8db1-1a421179833a,Backlog Report
ad5aea75-3249-43bd-8104-9ba5dadabce6,Backlog Report
adbd4e56-e135-4e69-84f9-5df68d829957,Backlog Report
adc86321-d516-4b5e-acd7-142659717b40,Backlog Report
adfea684-5a5c-4aa5-9e7f-4100b1fdf61a,Backlog Report
ae0f2eec-0532-4fce-ab32-3add6b2ea0c8,Backlog Report
ae105f7c-53fd-42f7-9ee2-663f9b9e50df,Backlog Report
ae1ffc14-628d-4444-bfbc-988a8595d258,Backlog Report - Invisible
ae29dda1-97b7-4237-a739-a3bf49c29278,Backlog Report
ae3a09c8-54f9-48f1-9757-a569c1a2d13a,Backlog Report - Invisible
ae52ba2c-52b6-4ec2-9796-d40327d68241,Backlog Report
ae5dea54-7cb9-41b4-a1f9-b6eae7e59925,Backlog Report
ae79a735-1a81-470c-9d4f-ec7aac37844a,Backlog Report
ae815bec-d1fa-4611-943c-0026cceb6441,Backlog Report
ae830b38-0c0e-469a-ad46-5a3030135c85,Backlog Report
ae88be6e-f51e-4a77-bacf-6363827fbf1e,Backlog Report - Invisible
ae8b0427-c911-40eb-a6fa-5e0e66e9bb0f,Backlog Report
ae9e26f5-c4b2-4706-8ede-0bb265de8a40,Backlog Report - Invisible
aeb0781d-7c30-4ebf-b9f8-4c97086556cb,Backlog Report - Invisible
aebe0bb6-f51b-44bc-ab58-deab6d75f0ba,Backlog Report
aed76a1d-b32f-4538-ac57-5bf3065d1c66,Backlog Report
aedd179f-0d7a-4429-9a5a-e32c087e8fd1,Backlog Report
aee8b2f9-8d03-490a-92b0-bce550548793,Backlog Report
aef47250-a3f6-447a-8ecb-dc6fdcac7f88,Backlog Report
af03f031-d6cc-4621-b9f8-1bbb0cd9ca86,Backlog Report
af07f8d6-38db-44d9-9e02-a80ac0b69e07,Backlog Report
af0df215-65dc-4f81-9440-c3ec01cadf85,Backlog Report
af1aa5e9-476c-4cb8-a9c9-74f0420468d8,Backlog Report
af2c26f3-b6a2-453a-8a09-61ec211b0eea,Backlog Report
af325da9-d078-4c3f-8d06-858b9d9da1b1,Backlog Report
af33b3de-91c0-469f-8fa4-bba87f13be9d,Backlog Report - Invisible
af403643-f793-4761-8bcf-1672313336f9,Backlog Report
af40835c-a6ad-456b-83c5-74b7e65f9466,Backlog Report
af4e0aa5-03c0-4a8e-9899-ab36566804b6,Backlog Report
af5aaf12-ae58-4cf3-b58b-323dbd94d41f,Backlog Report
af627b66-0ada-4485-b6f0-f4270d93a3b8,Backlog Report - Invisible
afb525f9-c4c7-44de-8775-b4cac57e4de5,Backlog Report
afbf9ead-cc7d-437d-a9d7-58c975d4a15d,Backlog Report - Invisible
afc77dd1-a7c4-4b53-a389-fbcb4f17ccdb,Backlog Report
afe54630-5fd4-4151-8f52-7be755adf109,Backlog Report
afefacfb-edf7-4947-884e-c93cb728d05b,Backlog Report
aff2c179-2cb4-4b64-9401-7d628ed4c46d,Backlog Report
affb7efb-d548-4514-a029-6243fa824368,Backlog Report
afff26c6-8d71-452c-a226-f8bfb4f87ba7,Backlog Report - Invisible
b008d70a-38c9-48de-947e-d6f07be99a47,Backlog Report
b00918d5-243a-4765-aee6-20a5e83a9a6f,Backlog Report
b01414de-85e5-4ea2-b41c-bcfbe6515a0d,Backlog Report
b0423583-f9f7-4705-9c16-e823d576fca7,Backlog Report - Invisible
b04e993c-8024-4bea-a353-b6cb7d3da1a3,Backlog Report
b04fa152-753e-4994-85e1-5ac8ed4dc02e,Backlog Report
b052c8d1-f2e4-4998-afba-25cddec5fc8d,Backlog Report
b0730e48-9c44-4776-a8ed-72e338bdb218,Backlog Report - Invisible
b089801a-f69d-46a8-bdfb-0a31201c1846,Backlog Report
b0911559-bcb2-4130-91dc-d270ce8e2191,Backlog Report
b09a4dee-d982-439b-8eef-ec6d0e0fb116,Backlog Report
b09c431a-5161-44ad-9e8e-115743ef51d7,Backlog Report
b0ad8bad-cb5a-4abf-b972-fc2f51ea25d1,Backlog Report
b0b369d7-b2fa-4b35-8577-1b8850ad4466,Backlog Report
b0bbbe3c-30db-44d6-a0e3-a2e6bf5919e6,Backlog Report
b0c094ad-dd9a-4418-b449-c68892aa40d7,Backlog Report
b0d6da2a-7c03-48aa-9d23-1eb1cd1b5b32,Backlog Report
b0e2c80a-fdbe-4c25-9204-8763db10a18e,Backlog Report
b0efa8b8-1138-417d-9e88-0610ea17cffa,Backlog Report - Invisible
b0f15aff-840f-4a48-bce5-5122f9a5782c,Backlog Report
b0f7228e-2561-4ab6-8f61-2072bb7ea151,Backlog Report
b0f8cf99-3900-4864-bc3a-8990a686c8e9,Backlog Report
b105ed7d-ef6f-4627-b8df-d2978ac34f16,Backlog Report
b1117894-5220-4140-af14-4b3c17a6d6d3,Backlog Report
b1142276-ec3a-44b3-9c7f-572c215a3c77,Backlog Report
b11a8493-554f-41b1-9e84-7164256193eb,Backlog Report
b11df9e4-31f2-43f4-9bbc-ab0ced14a9cd,Backlog Report
b11f07dd-ee7a-400b-938e-d8d6eedd6e1e,Backlog Report
b123f650-ce0a-45fe-b801-54fbebeb2f09,Backlog Report - Invisible
b13a1d15-f63e-4683-b86c-6021c76e015e,Backlog Report
b13ba79a-8d1c-46f3-95e6-9a9f74877644,Backlog Report - Invisible
b14c5315-da84-480b-9a2e-ed5321b65206,Backlog Report - Invisible
b14eb379-ecdf-43a5-9e45-c8216238692d,Backlog Report - Invisible
b1524ef5-c5ba-4541-a8e1-1865fddd674c,Backlog Report
b168e4c6-2a03-4f9f-a64e-6079470c9354,Backlog Report
b194bcdc-3f02-44b4-a8d2-f7af840e5413,Backlog Report
b19a04fb-4119-474b-8f1b-cfa8c1efeea6,Backlog Report
b1ac1977-0d54-4424-b7a0-d1fa72cdf39c,Backlog Report
b1bc9293-a8b6-4d32-841a-0a042e311066,Backlog Report
b1cd0e1e-487b-4708-97ce-83246af384a4,Backlog Report
b1d54f4d-ea04-4c66-beb7-5da70d5f8772,Backlog Report
b1e81cde-58fd-4880-82ab-34a4785fac5b,Backlog Report
b1f6f59e-c008-434e-887c-0eabd2df9d32,Backlog Report
b2046f57-5c84-4a7e-9542-8c4190d72ef8,Backlog Report
b204b576-6266-40de-a799-38a3880bc8e3,Backlog Report
b216326c-aac0-4237-9180-db813032cd43,Backlog Report
b2184d0c-9d1f-452d-ba0a-5dbb190deaf3,Backlog Report
b226167d-3e66-4748-b09f-f0bd2798fcb7,Backlog Report
b2546ca2-d67d-46c8-adb4-205c44e18c94,Backlog Report
b25daf71-d21f-44a2-8e68-393ede9ccb26,Backlog Report
b2689ab4-a8f8-456d-b92f-1d96ea67acff,Backlog Report
b26e113f-2e1a-4e9a-9dd3-c1693e150cd4,Backlog Report
b2773abe-5e34-4fcc-883f-d6ab9be9f1ea,Backlog Report
b281e9e2-4838-4558-8dea-149115397477,Backlog Report
b284b6ca-813d-4f90-9f63-ad587a9ebf01,Backlog Report
b285546b-d363-49ba-b562-4b0d17d293ff,Backlog Report
b29172b9-e95d-40cf-812a-d7ca2905e182,Backlog Report
b29f4d49-a938-40d6-8c98-1f7b6a46e4df,Backlog Report
b2af787b-a9c8-4380-9797-92a0c65c2ba2,Backlog Report
b2c1fe8d-ca29-4007-83c4-d44e4ce5b4c3,Backlog Report
b2c37c71-1f0b-4723-bd6e-8f6c41e293ee,Backlog Report
b2d030d4-6497-472a-9ae8-138f324b67cd,Backlog Report
b2d58ded-bd38-4aee-b579-39f26643ab30,Backlog Report
b2d97760-d915-4283-b532-9f909cf7d54e,Backlog Report
b2db3768-828c-468e-9cd0-2b29140ddd7e,Backlog Report
b2fa4e1a-f6ad-4d5e-b6a2-3fe469910131,Backlog Report
b2fd579a-181f-4b4b-aa84-9fa8f5d6eef1,Backlog Report
b3012cd5-d430-41e7-8a90-72e52fb0536e,Backlog Report
b3027dfc-8dbf-40df-9d84-da71a3cd9017,Backlog Report - Invisible
b302c3fc-24c0-4ed4-9662-b13cd6459349,Backlog Report
b312ea99-9506-4511-986e-23b33b0eadc1,Backlog Report
b32578c7-af22-4990-b91d-f33a2abd54e9,Backlog Report
b337e0ce-b376-4454-92f1-65e1bac0d032,Backlog Report
b352c14f-acf7-48c5-80a2-cee259d410f0,Backlog Report
b35793df-87b1-4021-bf28-7885ae114ca1,Backlog Report
b38ad065-7899-4995-881a-f0a7eed7f796,Backlog Report - Invisible
b38c1dfa-597d-4f31-a251-781469349d82,Backlog Report
b390dad8-8830-4d8a-b3df-098b25ce370a,Backlog Report - Invisible
b394b138-3499-48a8-a2cd-18e953f639d8,Backlog Report
b3979236-0868-4acf-84a6-c1e96f6f4221,Backlog Report
b3a65243-f309-4a6f-9a42-1d1b11ef47eb,Backlog Report - Invisible
b3c76e88-c5b0-4134-9134-43d575f36587,Backlog Report
b3c96b1e-4090-4478-9c83-a873e1bdff1f,Backlog Report
b3e15073-c434-40d0-b6e6-3411e207412d,Backlog Report
b3e3acf4-74e2-4d12-a355-3bbd2ace2583,Backlog Report
b3e9c92a-b4bb-4a89-acce-8a3fec185025,Backlog Report
b3ead109-6fb3-4dcb-8ea3-90024c98f0d7,Backlog Report
b3ec2e53-fbf8-46df-9286-22ce5c73e4c7,Backlog Report
b3f0ee97-f522-443c-b233-719d1864e2df,Backlog Report
b3f488db-56d2-4852-83c4-5de786813b61,Backlog Report
b3f8c7d1-0c07-4048-86e9-e8d1389cd856,Backlog Report
b3fa28ff-e23d-4a07-9b50-9b035780417d,Backlog Report
b4037436-0172-42f4-bac3-41e32493f3db,Backlog Report
b4044aad-91c6-438a-af85-8a73243a1979,Backlog Report
b411a59a-0618-468e-a8ac-fd4275d56fec,Backlog Report - Invisible
b4120f93-981a-451e-9dc1-1a0ff1715f7f,Backlog Report
b4176c19-1d4f-43c6-ba43-6daea5c89e8d,Backlog Report
b42c5a6a-2a99-4355-86b7-cdb9de1744ba,Backlog Report
b440d8e5-799a-4970-8d54-16da3a8fd205,Backlog Report
b448dd22-1c13-4f1c-9bcd-6b9b3ffa6a69,Backlog Report
b44d8513-9f53-43c9-a59a-ada8fb8fc77f,Backlog Report - Invisible
b464a6a4-35de-4765-8afe-7432f0132a25,Backlog Report
b47cbc21-02ce-4648-b56c-f9552b9f6ceb,Backlog Report
b48b5adc-0ff3-4809-ba53-f9154eb188b3,Backlog Report
b48e6bd9-1ace-4300-ad5e-44b078232110,Backlog Report
b4a51e35-2bd6-4d12-b73a-6173d63969d7,Backlog Report
b4a6b605-699c-46dd-aad2-1e4b2d520d45,Backlog Report
b4b2477f-709b-48f1-80c5-288748ca7c1c,Backlog Report
b4cdf4b5-fe63-4858-9c05-a4370a3d8c13,Backlog Report - Invisible
b4daf135-1b47-4f44-9a65-13caddb10b04,Backlog Report
b5070153-f352-49fb-832f-21e6747eb809,Backlog Report - Invisible
b546c557-a705-492b-aea5-6050ddaa5218,Backlog Report
b555a12c-faec-4ccb-89ac-988ffa33e1f7,Backlog Report
b55fd142-a690-418e-8710-0f696f43e810,Backlog Report
b567d2a5-3bcf-46d1-abd3-d3788a8e5336,Backlog Report
b57488e9-8642-499d-84eb-3f3b3475ed47,Backlog Report
b574da7c-f40f-41f4-b733-60aed313e5bc,Backlog Report - Invisible
b577e13d-0c76-451e-bdcd-ecd1ba85752e,Backlog Report
b5783cd2-d437-4e54-8500-64279196a981,Backlog Report
b590e02b-7fad-4ca6-b904-60c9b406400c,Backlog Report
b5a4329a-e040-414c-8d72-ec9a9e8b5447,Backlog Report
b5a559f5-1450-44ef-8a1b-541a01b55e57,Backlog Report
b5ba2674-e584-45c8-bec8-4e041095c73c,Backlog Report
b5bf0a14-1a0d-45b6-8cc1-b3c49995cab0,Backlog Report
b5c3f850-9a2d-4608-b83a-f73ba58cc8c1,Backlog Report - Invisible
b5de27d2-3673-40d2-bc70-bed0229a1721,Backlog Report - Invisible
b5f39356-8fc4-428a-aa15-797f4f227683,Backlog Report
b5f48898-320a-43da-8a61-2027b0b37fc5,Backlog Report
b5fc8b7a-01fc-485f-9200-4c0672ac6015,Backlog Report
b5fc9b5d-c9f4-436e-ae7d-846eda29cb92,Backlog Report
b5fdcc86-5259-461f-85e6-e2c96fe739b7,Backlog Report
b600771b-39ac-460b-9c49-5000b9ebb261,Backlog Report - Invisible
b601d739-7f92-47bf-87b7-08e17f8bdcd3,Backlog Report - Invisible
b60847a3-9b01-49cc-b468-5be01b083273,Backlog Report
b60e1839-a21e-4200-8a4b-ede7b2aa270f,Backlog Report - Invisible
b61ac03d-5893-4322-87a9-7118b427c96f,Backlog Report
b63b8559-e986-4f0b-942a-1bb83d4bdcd2,Backlog Report
b6406950-5068-434b-9a7c-6c3af4f4f840,Backlog Report
b64764c0-647e-4850-aeb7-09532f6bc09d,Backlog Report
b64fdc88-6350-4963-b1bf-85dbe531fed7,Backlog Report
b6601c58-4bb3-4437-a1f1-26af16b3ae15,Backlog Report
b672281c-a371-4404-af93-105da2cb9925,Backlog Report - Invisible
b69bb976-ab62-475b-b665-b6039869ac8e,Backlog Report
b6bfa606-28a0-4a9a-9ba0-cc5b4fa1497f,Backlog Report
b6c5abc2-4b1a-4e09-9502-69d1c4e690a9,Backlog Report
b6dfd2d8-be17-4387-85a5-546fb3b7f6ba,Backlog Report
b6e240fb-f5e3-45c1-bbaf-a371578e78f1,Backlog Report
b6e2f459-a901-4a65-a9c7-f7be9ade235c,Backlog Report
b6ec3f6c-04b1-40f8-a0eb-1f3f493b0534,Backlog Report - Invisible
b6f050f7-9956-434a-aadd-f3e449340725,Backlog Report
b6f5c6c5-7c22-469c-87c9-aebdee253a82,Backlog Report
b6ff11bb-3437-49cc-93a8-d620deeb7545,Backlog Report
b705ca56-91d1-4ec7-952f-025b6732c2e1,Backlog Report
b75bf433-b389-4bfb-ac81-c8c16f593fc3,Backlog Report - Invisible
b75e5caf-7bc0-4ed0-a055-e7b7ae40c82f,Backlog Report
b75fe3f9-6194-4d28-a4ee-2d3309bee020,Backlog Report
b770d416-87ac-4d07-9074-9dcdbd482671,Backlog Report
b77b1d06-c2fe-4a81-a64f-251d10cf6041,Backlog Report
b7854120-fa5a-4a68-b5f1-b8755888c75e,Backlog Report
b7942f82-ab36-42f0-a922-be9bc1109334,Backlog Report
b7a6c0fb-35bc-49a4-bc09-2d461a86dfd0,Backlog Report
b7af7030-bada-43c4-ad36-1832413558ae,Backlog Report - Invisible
b7c663ba-3221-4bfd-b97c-ac0cea4f972a,Backlog Report
b7da054a-aee9-485d-9ded-ec869996452c,Backlog Report
b7ec6e76-bea0-4df4-b026-4f4e87b8a8f5,Backlog Report
b809f17f-e07d-42c1-a9d6-f79583e6e9e4,Backlog Report
b80f4414-de7d-4d8b-bc25-92617bd6f1e7,Backlog Report
b8175048-4abb-4fb5-8f52-1e0125acfe78,Backlog Report - Invisible
b81c4741-4962-40af-8a60-787f50ad5337,Backlog Report
b85894a1-c8be-436b-b460-dba3ef1553eb,Backlog Report - Invisible
b85c4711-f7aa-4eeb-9682-c64fe6cb5bc9,Backlog Report
b85d48b6-bcda-4a39-8096-41c731ce3794,Backlog Report
b861404f-cae8-44a4-89f5-cd2afef20c98,Backlog Report - Invisible
b86ae840-bb41-4928-8d3b-5b9bfc334b18,Backlog Report
b88a97f6-f850-43d9-bf16-edfa0c0b6a3f,Backlog Report
b88d2119-51dd-4799-bee1-e7d9c95504c1,Backlog Report
b8be2644-6af2-4336-a3b7-08cc514ad515,Backlog Report
b8c00147-6a67-41bd-96f2-6eaaadf77487,Backlog Report
b8cb2941-2f72-43a2-8478-b0ce02b18327,Backlog Report
b8cca269-5ad3-4efa-96f9-9fa9c3fbc510,Backlog Report
b8d90880-4438-4579-8513-b2b8e8c848dd,Backlog Report
b913fee0-64e3-451c-b082-c6f791bb3d37,Backlog Report
b91a3c7a-bc64-468f-809a-03bb39cca63b,Backlog Report
b91ae5d4-44ad-4081-8bba-e88a1345c583,Backlog Report - Invisible
b93f231f-cd42-48c4-b9ab-4135dd872923,Backlog Report
b9400b44-e61b-4f30-9e5e-db923e5b880f,Backlog Report - Invisible
b948b7ab-7d28-44d6-96ce-c672bc067f64,Backlog Report - Invisible
b97d860f-bc65-4641-aafa-342b679cb460,Backlog Report
b9805ea8-7a0c-4940-82ca-59c5bf947685,Backlog Report
b981b25c-d94d-4208-aac5-64172bf900b8,Backlog Report
b9834df0-99b6-4d7f-b702-7bc3906af449,Backlog Report
b98770f9-5366-429e-99eb-78cd95c35784,Backlog Report - Invisible
b99b8665-4b9b-4050-a016-53a4a7d5f692,Backlog Report
b99da2fa-a12b-40f4-b29e-df2797b04cb0,Backlog Report
b99dd6b5-e6fc-41a6-8fb5-a7f65932142c,Backlog Report
b9a83a74-44ae-4fbd-a662-5190f46263a9,Backlog Report - Invisible
b9abc564-d2d5-4db6-98ca-fc94c6377efb,Backlog Report
b9acd801-809c-49d2-8f40-e579a4eee63b,Backlog Report
b9ae0fb7-c5ba-42df-81ad-f8d313a65ecc,Backlog Report
b9b3f74a-d6e4-43c8-a3b5-f0263e71678e,Backlog Report
b9b66ba0-dfa4-498f-b5c9-82ae839ed6e5,Backlog Report
b9cbadfc-0987-466e-84bc-4b744f7acf74,Backlog Report - Invisible
b9d48f33-6a35-4611-a410-3a8d20ba5043,Backlog Report - Invisible
b9e7212c-bf37-4f11-95fe-9831db2e5736,Backlog Report
ba235b42-7f5e-4dac-a8c4-d098d4636aaf,Backlog Report
ba25b5ac-6514-4fa2-bf3f-0b8fdebe72bc,Backlog Report
ba2c82a4-997c-48b2-81ea-30ba6070f48c,Backlog Report
ba4a2c0c-72fd-4157-a5ee-b1babad0d590,Backlog Report
ba67c126-7d26-4222-9df6-53cd2c1791c1,Backlog Report
ba697153-a08a-4504-8ef2-4669579a2a79,Backlog Report
ba6f9ba1-80c8-4f3c-9d5b-d7f2a4cdcb81,Backlog Report
ba783d0f-25dc-43b6-adb2-2bb167d335f9,Backlog Report
ba93024c-15e7-412b-8e1c-2d3f9babed77,Backlog Report - Invisible
ba988051-000b-4085-8a51-686552ca95d1,Backlog Report
baa5b9f9-cff8-4afa-9029-6be192a0d9d1,Backlog Report
baa5e206-3a14-46e7-932a-52dec50b847d,Backlog Report
bab6dd84-5c6f-4da3-a8bd-c6ab3586b1ef,Backlog Report
bac3bb50-3e3c-4960-a25f-521859e29fa3,Backlog Report
baefe348-2542-4a68-b28a-56f4dbfb6a43,Backlog Report
bb0d076e-625c-4cc2-a999-7c18918864cf,Backlog Report
bb2294f1-9595-4d00-a197-ff400e9eba4d,Backlog Report
bb276792-9025-4f91-ad19-585c9d920be1,Backlog Report
bb300e75-4a08-46b0-b0f8-7697c7d55d3f,Backlog Report
bb337a02-df98-4d2e-9f8d-5858b0f5f157,Backlog Report
bb455af6-d994-4aef-8a68-91e16cfd6022,Backlog Report
bb535a75-f9b2-4c06-a1f1-59e2b1665775,Backlog Report
bb5d3351-1ca7-4b43-90df-54b858dab651,Backlog Report
bb5e37fa-974f-4d69-a394-56cc4b7921da,Backlog Report
bb74e9fa-288a-4e58-b77d-1aa90fa12335,Backlog Report - Invisible
bb81bb0e-d058-4925-8721-aeedd05e3d5e,Backlog Report
bb8e4189-5e8b-4ef7-9f52-c2f2d05495e6,Backlog Report
bb9efff6-f4c6-4dbb-b312-4dd40eb3be4b,Backlog Report
bba4a2b5-6fbb-4397-9d80-b2797d12d5ee,Backlog Report
bbb0353e-fab0-4a08-85ab-494ff35a5a02,Backlog Report
bbb0f43b-0d25-4c3a-9136-f9d548ee5595,Backlog Report
bbbe9f78-125f-4d6d-96a1-ec8251c63a3e,Backlog Report - Invisible
bbd56125-94ae-45b9-9206-145118b440f6,Backlog Report
bbdf7cd2-5c70-46bb-a07a-70880876f8d5,Backlog Report
bbe376c6-17d9-458b-ac4c-a82e81df0670,Backlog Report
bbe427f1-5327-46a7-b58a-5a950a6d35d7,Backlog Report - Invisible
bbe4712d-6240-439d-b7ff-ca9f7ff06994,Backlog Report
bbe567b6-7f45-4e0e-8a0f-253c0a063e50,Backlog Report
bc008ef9-9de3-4595-8cc0-fd389d0dd1c9,Backlog Report
bc0dd5be-63cb-4f50-a2ee-dac955efab12,Backlog Report - Invisible
bc12ad32-da29-4a86-b242-efe6d7530bb1,Backlog Report
bc20d902-005c-40ee-b85c-efcd3a92ab7d,Backlog Report
bc3ff7da-59e0-4f8a-a07d-a8c82c887b68,Backlog Report
bc47e5b5-e0cf-4ccf-8889-05e1894d2a9a,Backlog Report - Invisible
bc70e749-8afd-48f6-8a14-2aa4179a8cf0,Backlog Report
bc883bc5-06a3-4fa0-bbab-18fe7a19ceaf,Backlog Report
bc8917fa-5553-4075-8731-d7148c5702c1,Backlog Report
bc8d05a8-a98a-4cee-8bf4-356cc6d1614b,Backlog Report
bc915a57-669e-410a-a908-43d7894bfee6,Backlog Report
bcc24e9b-8595-442a-8471-70590b438eda,Backlog Report
bcddfb41-e03f-4a6b-ad40-9c8abc7e2cc3,Backlog Report
bce8e554-6650-4023-835e-9dabc4e11992,Backlog Report
bcedc222-a785-4e24-b501-107c6e237d0a,Backlog Report
bcf79e07-0ed3-4939-8feb-7192dd81ac55,Backlog Report
bd12a79f-96c8-4608-9944-43e083af8bff,Backlog Report
bd1dc9b3-8c25-44e9-b8dd-c9480bb8d0fa,Backlog Report
bd1e2e02-203b-43d6-81b7-594df2406f2b,Backlog Report
bd241b50-7028-45f6-ad67-684f19c0c845,Backlog Report
bd3aa58e-5b7c-4811-8066-01bada78fc10,Backlog Report
bd68f574-777f-4cab-be82-34b27e5cf1ff,Backlog Report
bd77f9a7-ed64-4993-867e-ae0e93f78648,Backlog Report
bd7fe168-ac3e-4d2b-afcf-0583e0cfff86,Backlog Report
bd83ce21-5d56-40fb-946b-bf9e0593035f,Backlog Report - Invisible
bd8afddc-798e-4b40-a0ec-df6933a47d33,Backlog Report
bd935731-f573-47d7-b808-70ed5fc7b7d3,Backlog Report
bd956aa4-91b0-4630-9d71-7e0f1af7dbda,Backlog Report
bda650bb-8f14-43f8-aee8-8712a1795b9e,Backlog Report
bdb09c3f-c2e1-4027-8715-71a722d7e606,Backlog Report
bdb66811-62e5-4851-bbc4-3d74b2e8f304,Backlog Report
bdc12f94-9434-4d32-808e-566290e52280,Backlog Report - Invisible
bdc1d441-f459-45fc-a887-61f211c44cbd,Backlog Report - Invisible
bdc84e15-5bf0-4986-8efe-81b3a6eda4be,Backlog Report - Invisible
bdd45f7d-c311-40e0-a3e0-514da71e33ae,Backlog Report
bde3ef49-d2c1-4867-ba51-36fd98ea8d10,Backlog Report - Invisible
bdede901-104d-4f6f-9b14-003ae012365c,Backlog Report
bdef4003-39d6-4773-9935-0201a2a6b782,Backlog Report
be2fecce-6033-4b1a-9432-4e75c33f0090,Backlog Report
be303e3d-cb69-4dd4-9651-eef0c5f623fa,Backlog Report
be37fa65-8bc1-4142-88b3-b6e44245d692,Backlog Report
be4b30de-efce-4404-bf9c-6dcfd7a3d853,Backlog Report
be523054-791c-4308-bc84-ccca3b038d68,Backlog Report
be56b947-9fae-4068-b278-d3bf82435278,Backlog Report
be6e0866-6178-4661-b1aa-da38a147483a,Backlog Report - Invisible
be702d27-ba59-4019-95ac-a47a154c6ee3,Backlog Report
be77ccbe-faf3-4c41-859c-67dfb86b0c09,Backlog Report
be7adb95-89f1-4590-940f-58044cb59871,Backlog Report - Invisible
be8126a6-9a22-4018-bf4a-b9f400cd13db,Backlog Report
be90e977-2604-46b7-81ab-ed4fdd89d9fe,Backlog Report - Invisible
bea1a182-a735-4ef5-8365-0429055fd617,Backlog Report
bea235e0-6014-488a-8b59-e5bf8ecb747d,Backlog Report
beb74246-f207-46a8-9fa9-76337ee94f3d,Backlog Report
bef3f317-617c-4afc-86af-8d062f42894c,Backlog Report
bef9812a-87a5-47dd-94e7-036e3fada173,Backlog Report
bf0f13c7-657d-42e2-ac6c-b684b0e06f66,Backlog Report
bf0fcc1c-d15e-4a33-adfb-1dfc150782a4,Backlog Report
bf379b80-97d4-4363-ba08-a136995e8f67,Backlog Report - Invisible
bf504790-acf7-47fa-a4e6-6763c0a13983,Backlog Report
bf6b6a4b-2156-49d7-b2bd-459848eca773,Backlog Report
bf7b12de-094a-4958-9ca3-14f86e7c1af3,Backlog Report - Invisible
bf8d339c-3c5f-4b27-bdbd-350d0748a8bc,Backlog Report
bf97ce38-7040-4fc9-8d43-b4096baea607,Backlog Report
bfc2fa20-743a-47d4-8bca-01f89e1c2521,Backlog Report
bfda59c1-279b-415e-9639-73994141fb39,Backlog Report
bfe8f58e-d4a4-49bb-ba58-19806fbeadb6,Backlog Report
bfef9e88-2515-426a-9304-15aa4841c1e6,Backlog Report
bffc3f6d-0d8f-4b40-bf6c-1194c72d2a18,Backlog Report
bffc7fd7-fb70-4dad-b9ed-8b89eae4b38f,Backlog Report - Invisible
c02f6f1f-495b-4663-9656-cc93bff9724e,Backlog Report
c03efa9d-6f3f-42b3-9991-79b19968a9f8,Backlog Report
c03fc767-2296-472b-b379-5ab92a313540,Backlog Report
c04a3c70-c1fd-42e9-9a1a-1256282c6025,Backlog Report - Invisible
c05d2c47-89a2-43f9-b203-333cdf7b657d,Backlog Report
c05d83f2-07e0-4af8-a74d-d4d2f2a41fac,Backlog Report
c05fc13d-2e24-4069-8962-d0eb8f96b867,Backlog Report
c0a1662a-e3d8-498e-94e4-441f50ec136d,Backlog Report
c0c612eb-c5b9-47e8-bec9-93407fac57de,Backlog Report
c0d7d026-18c7-4b20-84cb-c6b69167f096,Backlog Report
c0da17e2-6d30-456d-9e74-59084d3cf4a7,Backlog Report
c0e3e39e-a98c-4abb-896b-433087a7f1be,Backlog Report
c0f5ceeb-99fb-4a97-8486-08dfd346a630,Backlog Report - Invisible
c0f80896-8561-46ac-bacd-c08b789cefd5,Backlog Report - Invisible
c10a9206-bad9-4048-bcad-697684716a58,Backlog Report
c11af934-cb49-421a-8ca6-c9fe20affa53,Backlog Report
c11f5cba-c3e0-4162-9e04-98215c0f0246,Backlog Report
c12afadd-f18d-4ef3-86c4-6a0f73e72d2c,Backlog Report - Invisible
c135c673-dc12-46c2-b6db-a774b4487254,Backlog Report
c172e35b-710f-4777-b3f3-95827b6f2f43,Backlog Report
c1785eef-3b2f-4ecf-8095-0b2ea13e8aa7,Backlog Report
c191904e-c6ac-4880-ab26-c5f8b52f29c5,Backlog Report
c19f2ef2-a67d-4d61-9f3f-dc4cc128be51,Backlog Report
c1a335bd-e31c-499f-a570-47c4b8a3067e,Backlog Report
c1b98895-e609-40bc-9c70-ed6511f6615b,Backlog Report
c1cb4dc7-aec7-4dd5-b9d0-77943fb555bc,Backlog Report - Invisible
c1ce80a1-12a7-438e-b92e-7cd4e7d17e26,Backlog Report
c1d095a5-5e2d-4b6d-b8f3-ae69c0e033d7,Backlog Report
c1d7609d-fad0-49de-96d4-53447ce122a6,Backlog Report
c1ea5aab-6ea3-4197-97f1-4fa34c09c3e3,Backlog Report
c1f31fdb-5855-4aff-b9c6-ffd6bbc8ae71,Backlog Report
c1f798af-eae4-4dd1-890b-4e22adbfb360,Backlog Report - Invisible
c1f80fb1-e84c-42ea-9170-6d637f496424,Backlog Report
c2097fa7-d781-4962-aa62-b5c8ac115a75,Backlog Report
c21504a5-89db-457d-9e5b-9c2690178b33,Backlog Report
c22f0345-b6e2-4bb2-9fca-f59a2bf29b05,Backlog Report
c235e4ac-704d-4ccd-adaf-4acafefaa0c8,Backlog Report - Invisible
c24dcc9c-b873-46a3-88f7-242bfe42d5a5,Backlog Report
c25ede85-6bf9-4b27-99b3-25778b6bc11c,Backlog Report
c270e277-a502-422d-aed3-3ba83cb16566,Backlog Report
c27bf250-41bc-4fb2-b1e8-594305c064bf,Backlog Report
c2adfcff-eb52-498f-a83c-880a48869dc8,Backlog Report
c2c0a0be-560b-4f24-a369-da33b6a5d6fc,Backlog Report - Invisible
c2d7a0da-1be1-42a8-975a-dea2e7e320cb,Backlog Report
c2ee1c9b-9ff0-4923-8b05-eb1dd45ea93d,Backlog Report
c2f08670-1843-47f2-8a5d-ed6a78cdbed8,Backlog Report
c3153b2b-8edc-4246-8e73-ad6feb97980d,Backlog Report
c32299b3-4ade-4187-9b8a-9840fffc6b3a,Backlog Report
c326f74c-563c-439a-8035-8de18da8172a,Backlog Report
c33cf891-bbe0-46f9-9ba1-3b334a6253f2,Backlog Report
c34428d4-2f61-4ce1-9297-cb687e472364,Backlog Report
c34d52fb-28e6-4d6a-b4c2-0bd479d36dc2,Backlog Report
c35177b9-704f-43d4-8088-4ddb37c11145,Backlog Report
c391c820-a528-4828-a588-198c6250f686,Backlog Report
c3945dd9-26d5-4959-b6db-b1345f90d4fe,Backlog Report
c3964600-5b20-4bf8-99a2-c38f4fdfcf21,Backlog Report
c3aa193b-0ce9-4282-9b01-c09f7772f061,Backlog Report - Invisible
c3ab8b51-7e8f-4a05-9983-84e5e9841b88,Backlog Report
c3d09825-769c-4bbb-b4c4-8da4aa0e27de,Backlog Report
c3e91b2a-00c6-435f-b712-45dbadf1c28a,Backlog Report
c3ee00f0-d169-486a-86b4-29f53c7aaf72,Backlog Report
c3f30b07-1230-4300-8078-cbaca341d65a,Backlog Report
c3f706f2-167d-4464-9ba8-e63a82fe5952,Backlog Report
c401e069-fd78-4141-832d-77bd4a1aaa41,Backlog Report
c4194531-faaf-4f3f-8bb5-b5e8011b2d6f,Backlog Report - Invisible
c462b34f-5663-446e-adef-a38aabc0eb51,Backlog Report
c468ca88-7162-40b3-ad93-310cbdd6ddb7,Backlog Report
c4784e4c-cd12-4ac3-852f-59604cfbf3c7,Backlog Report
c48aae32-1416-4559-8420-21ecfd35f720,Backlog Report
c4907e8f-b9aa-4a37-bf7d-c133f19442a7,Backlog Report
c4931a4a-0df9-46e0-aba2-e06fcc37f69b,Backlog Report - Invisible
c49752ad-c83d-42f8-92f4-e73de716b5d7,Backlog Report
c49981f4-5e42-4169-a940-b58b9a4faa37,Backlog Report
c49d55b2-4339-4630-b92d-572122b40b0a,Backlog Report - Invisible
c4a307b7-276b-4920-ba92-252489aec8d2,Backlog Report - Invisible
c4a6b1b6-a537-4c17-acb3-d6a3c3b7914d,Backlog Report - Invisible
c4ae13ae-5ada-4800-a38d-ab2e9a84fff6,Backlog Report - Invisible
c4b2d4f1-e560-4d4b-87fd-bd10371e1173,Backlog Report
c4b663cc-5e93-4c7a-a51d-1a6960d07082,Backlog Report
c4c29ee3-b352-4f67-8fe5-1d57b7402c7e,Backlog Report
c4dabf8d-81ab-4027-906e-9c2e57e8f3f7,Backlog Report - Invisible
c4dc1679-e68d-4c77-8cc9-81cfe2f6727d,Backlog Report
c4eaa368-c044-44ab-a706-e3ba636a4d8c,Backlog Report
c4ed690e-e9b9-46e9-b764-21a2e24191d7,Backlog Report
c4f1ac79-ab22-4998-9789-d5488ca34106,Backlog Report
c5009b63-eea9-4853-9c41-a63ff0f7bbd1,Backlog Report
c50aac28-8246-4781-9278-de3a74c1d130,Backlog Report
c5124c32-83a4-4dce-a96d-8ab0085188b7,Backlog Report
c51980f2-c6fd-4208-adf8-1433fc8620de,Backlog Report
c521dafe-2d50-4339-b58d-b79c74bcd60a,Backlog Report - Invisible
c5281679-246a-483c-a427-4188a1f2a3a0,Backlog Report
c53c8b05-4981-44d4-b125-d387f3576795,Backlog Report
c543d811-27b4-4f63-86c3-ce3c5c0b5631,Backlog Report
c54e1ad8-d0d4-4527-af17-a2d594cbda91,Backlog Report
c56286eb-8e10-46b6-8f5f-263ab3a5d8ec,Backlog Report
c57125ed-4d2d-4c96-bd63-ba1566ab45d0,Backlog Report - Invisible
c57c5db3-cbb7-4a9a-b93e-af73c77ea0da,Backlog Report
c581f859-ad56-4dfd-8de7-4a2411573283,Backlog Report
c590e851-5df5-47a4-ba80-f83a00fa75e7,Backlog Report
c596e3a3-4cee-4442-815f-b10f34224eb1,Backlog Report
c5bd4354-3c24-404c-b88d-de8b9b22355d,Backlog Report
c5c3114a-aa96-4547-800c-3e7b450b67c9,Backlog Report
c5da6e26-7e53-4dc8-8e49-12f6337117d5,Backlog Report
c5db5317-c250-45d3-a71e-00ac923d8530,Backlog Report
c5e4e95d-caf7-418e-ade9-92a68930e2ac,Backlog Report
c5ff564f-6465-4e0f-abe4-d7c87c875316,Backlog Report
c6023490-175c-474b-b798-634209d2fcfe,Backlog Report
c60b734b-a29e-45cc-a40f-30d4925492e9,Backlog Report
c60db78d-bf21-4899-a5f0-d233ebccccb3,Backlog Report
c6158f68-4192-4edc-b2a7-971ab0d29299,Backlog Report
c61c29c2-692a-4f22-8978-9740ffe580b9,Backlog Report
c62f9a24-3782-4f11-b86d-7b4ef1ffee8b,Backlog Report
c632c05d-66dc-4c04-b0e1-235122453198,Backlog Report - Invisible
c638a952-820b-48ad-a40f-9b7b76310e9f,Backlog Report
c646de91-baab-4b4e-b431-f9a7c1696650,Backlog Report
c65864be-c98a-4089-a8c1-2fbe623702b6,Backlog Report
c670e9e1-786f-4af8-b9cb-4dc053035c06,Backlog Report
c672069a-477d-4b00-b6aa-cf350c628fc9,Backlog Report
c682649a-0b2a-4d00-926d-1be1aaeadaf9,Backlog Report
c68bdd28-779f-4a2f-b231-593aeed730f7,Backlog Report
c69488df-2c9e-4360-a361-1c2d595446f5,Backlog Report
c6a1bbe1-522c-48ed-8361-27332470aea2,Backlog Report
c6a2dda7-be29-4cba-98e9-839b301f7f40,Backlog Report
c6a852c3-4765-4086-aa61-a1c6affeeaa6,Backlog Report
c6a91629-59fa-4615-bf0f-0af5b4f00a0a,Backlog Report
c6ab74d8-c5ef-4287-b82c-26b348a1150d,Backlog Report - Invisible
c6c0b8f7-4548-43d4-ae32-f9b3000b054a,Backlog Report
c6c16bff-f4c0-4e25-b4c5-bfdd2077fa6b,Backlog Report
c6d7e5d8-534c-4544-ae1b-82fce737cafe,Backlog Report
c6e31182-6cd2-4824-a521-7ad0d284cfd7,Backlog Report - Invisible
c6f5aae3-50c7-45f3-a23a-269abea4a25f,Backlog Report
c6f8d4b9-8391-4c58-9cfd-22aa4e289a72,Backlog Report
c6fb8c27-2973-47f0-a679-18e1585e19fd,Backlog Report - Invisible
c6fb92e9-66ca-48ee-9969-6ea16455e694,Backlog Report
c729bcf9-7a39-4a29-88f3-4fcb1e93bb90,Backlog Report
c7408ecf-b7ea-4034-b85c-877a9903f0f4,Backlog Report - Invisible
c7452306-1d4f-47fa-a19e-3ec44fed30e9,Backlog Report
c7597f8b-77bc-4908-a815-1d3f5fb7d26f,Backlog Report - Invisible
c7c6c39a-c3c4-4dcb-b490-afbaf6c1a312,Backlog Report
c7da1bfe-7fd2-43e3-b106-130ebb1dd102,Backlog Report
c7ff7798-8658-4d00-bcca-0f5587c29f9a,Backlog Report
c81bd79e-dd2b-4d1e-95f1-4a0a9ae236bf,Backlog Report
c836970b-5465-4ba3-b583-408be7e5500e,Backlog Report - Invisible
c83a47b4-1d5f-401a-b4c8-c7f27757aeb1,Backlog Report
c83e9acb-3d6d-400c-8982-ab5ab3124ddd,Backlog Report
c841cc3b-5e8b-44ee-b8ce-19f316903a1b,Backlog Report
c842a4ad-ce48-40f8-bc26-3a2aa2b314e4,Backlog Report
c8489b2a-315b-4454-bc28-2a3e44f743d0,Backlog Report - Invisible
c8574e1f-bae2-4260-94b9-2f92313cbccf,Backlog Report
c8744894-5b72-4062-9b72-b308b4065f36,Backlog Report - Invisible
c87ad14a-fc65-4c1a-ba64-e86d3d5c30d1,Backlog Report
c8828da6-b311-4661-bae2-bb6f0b2d85d1,Backlog Report
c8ab2835-dbc6-41c5-9cd4-8396e2c552fa,Backlog Report - Invisible
c8c14285-ba66-4e95-b94a-866f1d499d05,Backlog Report
c8c84589-d8bc-45f2-ad06-89631d55c8be,Backlog Report
c8d4862a-f7fc-4afc-bbea-0b957dfec553,Backlog Report - Invisible
c8e4da8e-584b-43de-96d2-5d2d3accc969,Backlog Report - Invisible
c8e71623-b3a5-4b62-b1f6-aa9f04adaded,Backlog Report
c8eeb2dd-4627-463e-a065-f4edf194bf74,Backlog Report
c8efe0e6-2ee9-4022-a842-db3328a162a2,Backlog Report
c8fd7c4a-adef-44ec-be82-5664ea3b1e61,Backlog Report
c91b3dfd-2754-4ed5-9029-94f95aaa61be,Backlog Report
c92665ab-66b5-4475-b8b2-f82418d6d76e,Backlog Report
c92d3115-c3cd-4ad7-9487-7699d23ed83f,Backlog Report
c93cfaff-7039-4a1f-bd3d-4562f5df67a6,Backlog Report
c94d9371-e5e0-4896-bc96-2013c7960a18,Backlog Report
c94f8d6d-c7b0-4de0-b831-e7fa785617f8,Backlog Report
c95ed8e8-5085-4589-aa72-d96657c7e63d,Backlog Report - Invisible
c966342f-2502-41ee-a157-02c095e694fa,Backlog Report - Invisible
c98a5bc4-2b7e-4058-b175-13b7f2f6debb,Backlog Report
c99c8d7c-5bbd-4766-8729-1cdc52b80fa1,Backlog Report
c9a07474-b737-4290-b6db-2aff32920b8b,Backlog Report
c9a6d760-49b4-4f3e-801b-8ae5637a2240,Backlog Report
c9a885fc-78d9-448e-b053-9099cb21375d,Backlog Report - Invisible
c9a94044-ab04-46ab-8d05-2916355919f1,Backlog Report
c9add45a-ef3d-4989-bef3-c88257602386,Backlog Report
c9af2efc-0f49-478e-a65c-3e60adaa7403,Backlog Report
c9bdd17a-941b-4b6d-93d8-0b8c7c70efff,Backlog Report
c9c922a4-dca3-4121-a662-aeccb92e17bb,Backlog Report
c9e07cf7-2828-466b-8cab-ec4a26256fa3,Backlog Report
c9e4af38-ec6d-45fd-92db-e209ce760b9e,Backlog Report
c9f80c66-b4e2-4e69-b4aa-d7465a23176d,Backlog Report - Invisible
ca159fd2-611b-4eed-86ca-7803b823bcd7,Backlog Report
ca461fe7-23cd-41fb-ae80-f980c16c3258,Backlog Report - Invisible
ca5323a2-dc62-4964-9cc2-f20f2629df16,Backlog Report - Invisible
ca90818e-4924-4747-92bb-58788e002c91,Backlog Report - Invisible
ca9746b0-3be7-46f6-8a39-4f47eb7a3e29,Backlog Report
caa4ab1d-645c-4cb2-a0ec-e27099d5a98e,Backlog Report
caa640ee-3084-47ee-ad1e-91e80656ac99,Backlog Report
caccc2df-6291-44d6-8e7d-8190b5c28a0d,Backlog Report - Invisible
cad4fa41-0f0a-48a4-9699-19be7ac9e913,Backlog Report
caff3240-03c4-4b7b-b230-e09a8dfbf6e6,Backlog Report
cb0692a3-d211-4db5-b494-a17b43f4a625,Backlog Report
cb121d95-50e3-4016-9b1f-e35b2846a1e3,Backlog Report
cb1d3d4e-0111-41ff-b1a4-855141828687,Backlog Report
cb227d88-f225-45e5-a4e8-0a8103c11c4f,Backlog Report - Invisible
cb26f26b-9ad5-4333-9815-e1f08d547359,Backlog Report
cb349ec3-142b-48c4-853f-f9834739c04f,Backlog Report
cb3f340a-4529-4633-a560-70371af8ab89,Backlog Report
cb635276-cc65-4e8b-a594-35035e5c5607,Backlog Report
cb67a034-7d3c-402d-9913-49d968d8a505,Backlog Report
cb783818-c8ef-4b18-b2a9-96d43ba0a286,Backlog Report
cb7b3d31-1eb1-4409-ac37-5d722b4f3f78,Backlog Report
cb7dbee2-eb66-4a2c-a34a-72ecf13e8d69,Backlog Report
cb7f09db-e34b-4155-9fc8-f3c005d1c634,Backlog Report
cb881566-1767-4768-b0a4-4ce9fbf81879,Backlog Report
cb92b334-1773-4f08-b5cf-fef8209b139a,Backlog Report
cb9f175d-4942-43b4-88db-e16651778d1d,Backlog Report
cba9c15f-660d-4ccd-b20b-ea5d4adbfd25,Backlog Report
cbbfcfe3-57e4-4d7b-9760-58a6147174fe,Backlog Report
cbcf25b0-069d-4f85-91b2-976304612ea6,Backlog Report - Invisible
cbe38e90-c6c5-48ee-98d5-5765c62027a9,Backlog Report
cbe390a7-8e21-4be5-a343-b0ce118387ac,Backlog Report
cbe9585b-f860-4992-a14c-772978a0105e,Backlog Report
cbf423f4-fd69-41fe-a87c-1f05190de1c1,Backlog Report
cbf5b55f-8243-4c13-88ed-af3f6ea90f19,Backlog Report
cbf9c3c0-06e4-47a1-81a4-704de52d88e5,Backlog Report
cc09fc8b-ece3-4bd0-8810-66072e9e0283,Backlog Report
cc11bc4f-2f2d-4ecc-8391-a7ebaac208a0,Backlog Report
cc12e918-cf12-430e-bfc3-3060f824bba5,Backlog Report - Invisible
cc134389-abef-4620-9262-68daa62b554c,Backlog Report
cc2a35af-6298-4074-b913-db45da9a41c7,Backlog Report
cc428bb3-ccc2-4c77-8401-6d0220cf516c,Backlog Report
cc5a62a0-a67b-4567-baaa-7c56bf3bb702,Backlog Report - Invisible
cc62615b-ac00-448e-ac96-cc023d6b65b4,Backlog Report
cc63f69f-93f9-434c-98d5-b250329dba95,Backlog Report
cc7de72b-5c2d-49f9-b21b-59eff2a2c983,Backlog Report
cc82a8da-94fa-470a-804d-628feef3356b,Backlog Report
cc994d4d-8994-4268-99c8-de5c4c326111,Backlog Report
cc9f4fe2-76a0-4446-a41a-0b42fd8e6084,Backlog Report
ccc2aedc-4769-4481-ba36-50b81d4ccc12,Backlog Report
ccd746da-0d93-4da1-a13d-c50cc258e76f,Backlog Report - Invisible
ccda383f-3161-49e9-9591-10a9ebe9a896,Backlog Report - Invisible
cce05b47-234f-4619-afad-9456f8db2337,Backlog Report - Invisible
cce5490f-3233-4b4c-b272-dede4401dbfa,Backlog Report
cce948e3-a70b-474e-88f9-7b626fae1b51,Backlog Report
cd0066ac-a37b-40c1-b1aa-882cb1c093ba,Backlog Report
cd07dc1a-b1b3-4cd9-999d-b454390f6805,Backlog Report
cd119571-d470-4a2b-addb-0556a178d9d6,Backlog Report
cd1770b1-bf5f-461f-abc9-8ca637effcdc,Backlog Report - Invisible
cd221226-43f3-4e5b-8394-c222eb9e08b0,Backlog Report
cd2fcaf3-ee68-4e16-a2a1-e80ca6f91160,Backlog Report
cd34b8e0-3f2a-4bfe-b1e7-3bbd8d4154de,Backlog Report
cd37266e-e626-4070-a203-b0cc39f549a6,Backlog Report
cd3ed372-0bbe-483d-8e61-88da75977867,Backlog Report
cd4e3e2c-35c2-4c00-bdce-b0c84857efa3,Backlog Report
cd5209a0-07b0-42d9-a53e-418adea5d2fb,Backlog Report
cd6d9d40-0ecf-48c6-8289-78e73cec64c8,Backlog Report
cd745520-6b7e-4b83-929d-d6df0b09fc64,Backlog Report
cd845554-28d4-488d-ae66-ed04d48b0078,Backlog Report - Invisible
cd987402-6255-43a5-9b01-a6d0853cd3f8,Backlog Report
cdb1db55-01c9-4f29-ba65-8b72bc938350,Backlog Report
cdb2f7e3-3d79-4c1e-a620-5b7c9a10fc78,Backlog Report
cdb3bc53-bd3c-4d6f-85b7-5a8d02936728,Backlog Report
cdcaf9c1-f527-4655-bd18-01c0be213eee,Backlog Report - Invisible
cdcbf694-189f-4083-afee-aa673408f27b,Backlog Report
cddccbf9-1279-4192-8dc3-a1b735f2262f,Backlog Report
cdee6a90-abe6-4e9b-a363-c7d8dbdf7aa5,Backlog Report
cdf2580c-6cb1-4ead-898e-cc27e7e1b6f4,Backlog Report - Invisible
cdf736e1-ea63-4f11-bfd7-c69491d3926a,Backlog Report
cdfd994a-bef9-4306-a222-3fc516d2486a,Backlog Report - Invisible
ce41e0ae-ae65-471f-bf0c-3c603ea42f49,Backlog Report
ce44103c-348d-401a-840f-110632570d2b,Backlog Report - Invisible
ce6f8227-b41d-4fb2-9a07-cb25c949492c,Backlog Report - Invisible
ce774430-b689-45ba-9b84-e2b1448d34dc,Backlog Report
ce7aa014-d38f-4a2c-984f-252d4d0b43d1,Backlog Report
ce8c6b2e-e14f-4b49-a8e4-f8fa3f9a28d4,Backlog Report - Invisible
cea06746-cc86-4d24-9455-c1d8a705858b,Backlog Report
ceada7c2-7209-45ec-88b5-e2093290b56f,Backlog Report
ceaec7b7-adc8-4676-ad4f-e0f9d7e554cb,Backlog Report
cebd0975-5181-4bc1-9aad-edc2dddca66f,Backlog Report - Invisible
cec649a5-1aac-42d7-ae4b-59bdc3eb766a,Backlog Report
cecbe578-e6b5-4830-9ebd-698837182eaa,Backlog Report - Invisible
ceccbc60-c8c1-4a74-bc17-7bdbdf75734b,Backlog Report
ceda213b-f84c-4b48-8678-1e3276f5efd0,Backlog Report
cedc400d-3ac9-4a66-935b-199c8107a899,Backlog Report
cef8d6da-629e-43f5-bcb2-f6d3f7d98422,Backlog Report
cefa89c5-ed46-40d2-bb32-04bf0f3a90f8,Backlog Report
cf19c2c3-a51a-44eb-8f12-5f3ee438163b,Backlog Report - Invisible
cf25d768-6df0-4cae-b52a-512020548c27,Backlog Report - Invisible
cf33a74b-3d9e-4892-bfb0-5fe9336ef070,Backlog Report
cf355c34-aa8b-4020-93ea-284d15750b59,Backlog Report
cf39ebae-1614-4b8c-97ff-496bd76d9d6c,Backlog Report
cf4072f2-b6ca-4043-9550-f265a1464a5f,Backlog Report - Invisible
cf425eec-8062-4246-ba52-62f2f9d83abd,Backlog Report
cf4338aa-ad86-4b5f-af2c-b622ed626181,Backlog Report
cf4706b9-7293-4528-b60a-a0a2ec35af9b,Backlog Report
cf48849c-e611-40fa-866e-147f194fee47,Backlog Report
cf4e48f9-fa43-43ae-8360-100cf1f60d3d,Backlog Report
cf4feba6-b808-4d73-b822-92d1064c8227,Backlog Report
cf5541fd-8932-4508-8a1b-fd4e6c4bb650,Backlog Report
cf5aa9a8-447e-44c3-88e9-965991b62448,Backlog Report
cf5b783e-98db-45f7-a035-5380cf4ce243,Backlog Report
cf5d4748-1d3e-4155-a713-19a10d978c78,Backlog Report
cf609b5a-a11e-415e-9d60-618403636ac7,Backlog Report
cf6fe8ae-fa42-4cd3-8f29-1f0a1494ac33,Backlog Report - Invisible
cf70aa65-530b-4d1b-92ce-02cfa719d84a,Backlog Report
cf8be93a-9fe1-43f1-8005-8bb2cc819cd4,Backlog Report
cf974d06-8f6a-4b14-9120-dc4747f0c149,Backlog Report - Invisible
cf9da613-d4c1-4bd6-9fdf-bd4f1a51b5b2,Backlog Report
cfa74e37-8654-4acc-92ab-d4dd6d6070c6,Backlog Report
cfbb1e36-7be4-4ac3-8e4c-33aaa5d552bb,Backlog Report
cfcf991d-c2bd-4d22-988d-ec22e736742f,Backlog Report
cffb62f3-1a5d-4c01-9ec6-03ce18e50a33,Backlog Report
d005d189-7885-4bc1-9cd2-f87ed5940e9b,Backlog Report
d015b435-65c4-4646-b6e2-e4c9f3a4a797,Backlog Report - Invisible
d01db9c3-40a9-49ec-b551-551d7157439b,Backlog Report
d01e4bd2-43ef-4b68-9b18-a5ac11538a0e,Backlog Report
d0313e91-d903-45e5-946b-bc367ea9a4ab,Backlog Report
d037a63a-0957-4132-a364-8ba4d8d383fb,Backlog Report
d04e711c-324b-47e8-989e-4cb2cecc9bfe,Backlog Report
d05412e2-4b31-4cb9-8442-290a032774a7,Backlog Report
d057e376-1310-4e2c-8a6e-f7d9bec5f7a8,Backlog Report - Invisible
d06993df-bec5-48fb-ba70-b238a4de19d7,Backlog Report
d06e0f69-2b5f-4a92-993e-39f3b793a618,Backlog Report - Invisible
d075c7bf-c3de-4834-9207-ec2ac1ba13bd,Backlog Report
d07ba565-5418-4808-91c2-a95aea144451,Backlog Report
d08021a0-5040-4353-a8cb-1729d2395b13,Backlog Report - Invisible
d0836220-7298-4f62-af4c-a56659019399,Backlog Report - Invisible
d09067a3-f287-4b40-be84-9837a420ef2a,Backlog Report
d0a5eedb-543a-481f-b8b7-e5c09ba4b24f,Backlog Report - Invisible
d0a960bb-8568-4b55-8fd5-6e64daffa6c1,Backlog Report
d0c7c3bb-76c9-43d0-aad1-ca96edb9bd54,Backlog Report
d0cece6b-9235-44a8-9de8-060d25d8e44c,Backlog Report - Invisible
d0dc1421-ba72-4240-b725-416a52794a3b,Backlog Report
d0e3b79c-5398-474b-af2d-444fbb59f89f,Backlog Report - Invisible
d0e46156-d7ed-4585-9011-2c99f8e065b8,Backlog Report
d0f4e753-6360-4b62-bfb6-89c88afe03af,Backlog Report
d0f4f544-5e4b-41ac-aff1-150a5745933b,Backlog Report
d0f6f581-c258-415f-aa96-94e122211097,Backlog Report - Invisible
d0fb01b0-e6c8-491b-8929-dd5312a84051,Backlog Report
d10a3b49-1bd0-4a41-9afc-370d97e34944,Backlog Report - Invisible
d1186503-3308-4bd4-9a74-152c5d692adb,Backlog Report
d11a56ca-6bb0-492d-86c3-de79ccbb97c4,Backlog Report
d13cac91-4d7a-4729-a95b-7f1e51ec16cc,Backlog Report - Invisible
d14af83a-127d-4505-9af4-20182f7383da,Backlog Report - Invisible
d185d349-71b0-4284-b233-f0a8fada2856,Backlog Report - Invisible
d1878f43-5e81-4584-9e55-ece444671d9f,Backlog Report
d18929bb-a749-40a3-bbc9-e6f9a861af7d,Backlog Report
d1954587-6f61-445f-b72f-7dfd2ad2b5c2,Backlog Report
d1a5783d-0a60-4c19-9f34-edc5ddfa66a6,Backlog Report
d1b55bd5-e0a1-45e3-a2f2-811d31d8dd06,Backlog Report
d1b9ebff-a620-4db9-8c52-300bfa97a087,Backlog Report - Invisible
d1c8a1ae-7365-4d67-92b5-ac18b47ba1df,Backlog Report
d1cbd349-afd7-4232-bf2a-952d29b65e53,Backlog Report - Invisible
d1d47e40-fab9-4304-8a65-3a4e628c0cf1,Backlog Report
d1da8db9-42aa-4b93-bcaf-ff8070494135,Backlog Report
d1e00db1-dc95-44e7-9045-dd33b06a6282,Backlog Report
d206f392-17f5-41d6-8c72-b9489fef040a,Backlog Report
d20c4f1c-c8d9-429f-88d3-b01678fc4d1c,Backlog Report - Invisible
d214f250-3198-45a2-97ae-1bdfa2dbada3,Backlog Report - Invisible
d2232bd3-27a0-4d84-ba84-d3724b7c41da,Backlog Report
d22a71b5-229e-4c59-9ecf-8178b32fa552,Backlog Report
d2316ab7-a22a-4bb0-bc28-0f06b78a81c7,Backlog Report
d234c4a8-4614-4e6d-8cde-98249d8d496b,Backlog Report
d24ebbb6-ca15-4483-a164-1b5b11ae8ed7,Backlog Report
d2515983-20be-4c95-ba97-8918fdb285d1,Backlog Report
d25f0c85-d62f-4c0a-a9e1-17fb789148a5,Backlog Report
d263e4e1-ecc4-4c62-999e-c61c86ab1dfa,Backlog Report
d26f3a82-d6aa-46a7-b69f-b23ef95568b8,Backlog Report
d2791870-7ec7-4411-8475-31c9cc7b7fb7,Backlog Report
d285cd07-3d95-4b7b-8a0f-5cea134fd6a7,Backlog Report
d28da335-0a00-432e-ab2d-cc02bbf8289f,Backlog Report
d29d180c-e25a-4cf7-aad2-ea2e091a86dd,Backlog Report
d2a000d8-a63e-439e-85cd-58130a54eba3,Backlog Report
d2a429b3-fe94-45c6-b634-cfb8059881a3,Backlog Report
d2c26fad-12ce-4f7d-ae3e-e26b8023e9e3,Backlog Report
d2c83406-996e-47a5-b49d-e941660cc253,Backlog Report
d2d1797c-46fe-4cf5-877e-6eb61766bf74,Backlog Report
d2e3f54c-8c59-440e-b8de-96ab477807fd,Backlog Report
d2f43925-3ce7-493b-b342-7cc5dbd37437,Backlog Report - Invisible
d2f4f0f2-96e7-4238-b419-18c778ad9ce1,Backlog Report
d2feddac-79c3-49a9-9db9-eb79b3142491,Backlog Report
d30ea494-84c8-4493-bdb5-c9a007012f40,Backlog Report
d3162de6-95be-454b-8f51-546a2fa8580b,Backlog Report - Invisible
d32b714a-6a75-40d3-a37b-3989c8276d8b,Backlog Report - Invisible
d34643dc-4a7b-45fa-8052-cdc48535914a,Backlog Report
d3518d18-c2e8-4a60-983c-cd580708274f,Backlog Report
d39ebf99-2da3-470e-9863-d14e2a804846,Backlog Report
d3a9902d-82de-4c52-aa65-48a2235010b0,Backlog Report - Invisible
d3ae8718-9909-4dba-bedd-07334e51bc4f,Backlog Report
d3b1df7e-a44b-4e96-b5b2-c27266a37959,Backlog Report
d3b9a7f8-3fdf-436b-8cec-9b021081d651,Backlog Report - Invisible
d3c5d835-cf10-4594-bd14-0f2684403718,Backlog Report
d3cae898-05c8-4bec-a03a-fc11b7ec592c,Backlog Report
d3cdad3c-b271-4212-ba70-93d70b416f3f,Backlog Report
d3e0a719-ed2a-41da-9aed-593f21b32793,Backlog Report
d3e1c5ef-c27f-4c1e-859c-69da6776679e,Backlog Report
d42f2fff-7ec1-4c96-b573-efa751f5ec10,Backlog Report
d455a4d4-ae54-4c5c-84cc-dff43344f12c,Backlog Report
d466cde4-6ca4-4214-9016-e20333cf5a5f,Backlog Report
d46f9be4-c858-46c3-b6e4-9e1f29ab7ee8,Backlog Report
d47058c5-e975-4044-9a90-30f85e894f57,Backlog Report
d47a2cea-e57b-4b22-9b8c-95d141fa3ccb,Backlog Report
d494ae2b-33de-4912-a7d7-8a1ce7ffcda1,Backlog Report
d4ad818e-c7ca-464b-85d3-a6c28a622c9a,Backlog Report
d4b7ace8-99d5-4cd1-8057-35afd8f0970e,Backlog Report
d4b86ece-1a5f-47f3-a6df-835d4b78dbc7,Backlog Report
d4bceff6-161e-4f0c-a9c6-ebb94cc0d760,Backlog Report
d4d61a16-466d-4a62-a239-e388d4a5b089,Backlog Report
d4d78b8c-2efa-42d1-9090-cf4c6ed7dd66,Backlog Report
d4d8ed9b-7249-48af-b53e-6c249dcd62e9,Backlog Report
d4e1fd26-b7b1-4ec9-9180-741639491be8,Backlog Report
d4ecbd41-e56c-4d58-82b3-50570ed2ef3f,Backlog Report
d4f07fd5-b77e-4f4f-9a26-a7a763d6aaa1,Backlog Report
d50be51f-6cb2-47b8-92a1-d098052bde4f,Backlog Report
d5203f58-e91f-4a28-8ab4-c7562183be99,Backlog Report - Invisible
d527c173-0a3a-428d-9241-35fc65cdca55,Backlog Report
d52b47b8-141a-4d4a-95c6-2524010c7d81,Backlog Report
d547ec74-61b6-49fb-82a6-b5566d4a7a36,Backlog Report
d54bd032-89d4-4ed4-b63a-c02ff707fe1a,Backlog Report
d54e29b6-348d-4ead-b32f-78e9ad3dc985,Backlog Report - Invisible
d553750a-d0c1-4d24-8b17-b4a44de21ee0,Backlog Report
d55a3c9e-6047-4f1e-9654-f2d86e641e75,Backlog Report
d561bdba-b9a9-4184-80ce-f29e821e5c27,Backlog Report
d56c1b5d-4f52-41b0-a721-8e70d199ff10,Backlog Report
d56c8186-d114-437d-9f7e-b23bfa8adf3e,Backlog Report - Invisible
d58f3b91-9091-4d7b-ae46-9537b4766c55,Backlog Report
d595a08b-53d6-4760-8da6-308d7b9f26eb,Backlog Report - Invisible
d59ac89e-cabd-4df1-9b66-36fe3e92843a,Backlog Report - Invisible
d5ccc532-b590-4010-b0ea-265e54a02d3d,Backlog Report
d5e48586-a5ef-4a5a-86ee-a29868dd1b18,Backlog Report
d5ebe9f1-7a9f-494d-a883-503ead32fa6f,Backlog Report
d5f2e62f-ae2a-46be-b6d7-e65d3e15f919,Backlog Report
d5f83fbf-892c-4807-9d0f-bc22724d1fd5,Backlog Report
d604ccf2-8c6e-4cf1-a501-70edf8eb035c,Backlog Report
d61f9738-b64b-4419-b748-3cfb884a7880,Backlog Report
d636c46c-d421-4272-940a-71eb89be4719,Backlog Report
d63c778b-92e3-4de5-b7d3-25a055518c28,Backlog Report
d63f412e-d7f6-4a4a-8acb-051d2ebea131,Backlog Report
d641fed3-1e4f-4c21-b0fe-697bffcc117b,Backlog Report
d64ad45e-e77a-47ca-b157-73e5ef291674,Backlog Report
d64b8c86-7ece-4ae9-9ea4-34f27b58de60,Backlog Report
d64d9932-f0fe-4e35-a695-f19f5ea6ca2e,Backlog Report
d654410e-3836-4167-b8d0-7d9ef542bf2c,Backlog Report - Invisible
d65cbb76-9b18-4434-8d68-f2ad3638f64e,Backlog Report - Invisible
d65d753f-64e5-4b83-9149-a026e64f9e4d,Backlog Report
d65fdf47-87aa-4140-b87c-2a53d44c364c,Backlog Report
d66003f3-3fe0-4674-b02f-1449e027a509,Backlog Report
d66944b7-b9ec-4a52-b5e2-18a007d3d29d,Backlog Report
d66b4cf6-6814-41f8-a878-6f0a16b1b7b6,Backlog Report
d67239a0-3068-44b0-9573-dd8ec6ade538,Backlog Report
d679bb72-7b29-4312-a5ed-eb875db0785e,Backlog Report
d6803eb4-eed0-4990-9144-a0e9cf2fd2f5,Backlog Report
d6981e90-255c-451b-84e0-f5d0d15d3d26,Backlog Report - Invisible
d699db93-e258-440d-824c-029009e0fb66,Backlog Report - Invisible
d69b1a25-80b2-49ad-b567-0d35f2286170,Backlog Report
d6ab8dd1-22eb-4b99-aa36-bd40c82ab29d,Backlog Report
d6c8a771-145f-43fa-9a6f-eebe54104228,Backlog Report
d6d660be-5217-4b0a-958d-84b2fdc406b8,Backlog Report - Invisible
d6e7cb91-1337-402f-ace5-f3ebd2b1edf1,Backlog Report
d6eba021-a5b6-43b7-9ff3-53b10672dba2,Backlog Report
d6f057ad-936a-40ea-8b8f-ca9ea4cd409f,Backlog Report
d6f2f37d-eca6-4536-8a23-63bf35a52888,Backlog Report
d6fb9552-2a02-4dfd-81f6-e331cd904cb9,Backlog Report
d7064d88-f498-490e-8c55-d510629ce7c4,Backlog Report - Invisible
d7108cb0-6e12-4ebb-86fa-ef9cec57e00e,Backlog Report
d71a84e0-3029-4153-8a1b-a341ca1d4942,Backlog Report
d728a11d-e5c9-4771-ba46-d8d314afb75f,Backlog Report
d72f4343-b396-48d2-826a-17416c5e6a6a,Backlog Report
d72fa9c8-1964-414d-b9e6-f40d663ecc89,Backlog Report
d730e650-553f-41a6-a72f-b575a3b0f053,Backlog Report
d735193a-9f57-40e1-b0af-9e037d65feb1,Backlog Report - Invisible
d738df54-17fb-485a-8188-c47911e989b7,Backlog Report
d73c6242-cbd7-4006-9be6-52c11c6ad93c,Backlog Report
d747aabf-f76e-4a72-9b41-3f57f3a30f8d,Backlog Report
d75ef770-45f2-467e-b8a6-e244ad505850,Backlog Report
d76d9bbf-c6e4-4145-8e93-b08c069d227d,Backlog Report - Invisible
d76f7659-77ad-4353-8c62-3ab43a753f2b,Backlog Report
d77c9220-f593-4019-bff2-55bfef013c50,Backlog Report
d796dd0a-7582-4c39-bba7-62271c6f141e,Backlog Report
d7b0f58f-5f75-47f7-88a6-f432dd8e85ab,Backlog Report
d7b211d0-e84e-4255-a516-a74d77641e6f,Backlog Report
d7d333c3-8c5f-4d83-8def-e6b8337175e1,Backlog Report - Invisible
d7d60fe6-0eb7-4517-b808-f1f5310e969f,Backlog Report
d7dcc032-129c-4294-aea1-be25607a2f62,Backlog Report - Invisible
d7ff324b-4dd7-41f0-83fb-e0a061b675f4,Backlog Report - Invisible
d7ffce49-af3a-4c73-840c-747caeaaf222,Backlog Report
d800cf89-2478-4e7f-b98b-066fc3a0df8a,Backlog Report - Invisible
d8071b03-766f-4a60-9f82-77130652838e,Backlog Report
d8405f38-f4b0-40bb-b723-6d41bf833861,Backlog Report
d845b69d-cd6c-4947-9b87-d34c6d4c9e2c,Backlog Report
d8485255-4dd4-4549-96fc-ec4f7ac10589,Backlog Report
d84b2657-f8b2-45f5-9b8d-3608e15aa4b9,Backlog Report
d852cf4f-5a79-4d01-a8ed-c6414c261a3b,Backlog Report
d8696f95-a00f-420f-8afe-00a09e5661fe,Backlog Report
d86e8208-eeff-4dff-84d9-cc95988c1687,Backlog Report
d86f3ad2-9395-4058-b81a-778175874bd3,Backlog Report
d879b84e-e9a4-43be-83cc-060913aa8edf,Backlog Report
d8871a68-edac-45ff-b065-05c339a2d130,Backlog Report - Invisible
d8a684a0-564b-457c-877a-2d81e381d1c2,Backlog Report
d8ba1f31-40a2-420b-8ad5-34dcda4f7a3c,Backlog Report
d8c75e6b-cc30-4525-8aa4-02cb9b84dbb7,Backlog Report
d8de16e6-4f97-4484-85ce-c8e459acb75d,Backlog Report
d8e28b6b-8b4e-44b8-973d-dc508f997a54,Backlog Report
d8fc0551-9be4-49a4-bc70-cc514a61f151,Backlog Report
d9223640-24a1-4780-880f-e23907d3f284,Backlog Report
d930b5fe-5e77-4166-b4a1-7df69471f91b,Backlog Report
d9338eea-5166-49b1-929c-5dfae762b611,Backlog Report
d9391380-8644-4e56-be54-9b83517e8794,Backlog Report
d93c2cf9-9acc-4d41-a7f4-9e503d40fc47,Backlog Report
d95050c4-797e-4898-a587-5a6775634911,Backlog Report
d950b636-2104-431c-9da5-e4c301f53b35,Backlog Report
d959bd85-6a8c-4d7d-8b9a-d8ffe455beb8,Backlog Report
d95d88cb-7bd4-4561-8119-72969930e242,Backlog Report
d96205d5-5111-4535-a5de-1ace3b7d9fa8,Backlog Report
d96436e8-b0ff-407b-85da-b04d2fea48b7,Backlog Report
d987871a-52c2-499c-8e08-de06483e6b45,Backlog Report
d9940496-34ba-448a-96b3-1a737ff8ecbd,Backlog Report
d9a40e51-4449-4cfc-9173-51f26a422364,Backlog Report
d9b31d16-8ff8-4ff5-88fb-53acc19792ae,Backlog Report
d9ceb3ac-57b5-412e-b98a-a89d80aabb8a,Backlog Report
d9db2150-7abb-4b9c-b9be-cd213cb1273a,Backlog Report
da06c70c-c2e5-46f4-9bfb-ab638e4378ba,Backlog Report
da07872c-c331-427e-901d-8560c6e5450f,Backlog Report
da1371b5-b4a9-4af9-9ef7-7a25c8a71884,Backlog Report
da1de15d-8a68-47db-8914-5237b16fdd0f,Backlog Report
da357093-ceff-4466-a048-0406a2003716,Backlog Report
da3c5e97-687d-47ed-a234-77e0775e0db7,Backlog Report
da499c92-6dc3-4d9f-832e-cdca01306e81,Backlog Report
da50863b-484e-42d8-be81-aa602353a3ca,Backlog Report
da85d19f-352a-4c79-bafb-80899879db22,Backlog Report
da8d9ed6-fe26-44ce-9945-8559b1579fa7,Backlog Report
da928eb7-e715-42c8-9d48-2ff8bc6231dd,Backlog Report
daa1e2a0-5df5-49bc-8f22-a7542fee870b,Backlog Report
daad2834-308f-406f-9aa7-3af36ca27ad1,Backlog Report
daad2850-5bb1-41d0-9439-a961599ccad8,Backlog Report
dace3c07-3857-439a-80ba-4d80bb92f274,Backlog Report
dae9a2d9-173d-4bda-938e-d8bdac8acdcc,Backlog Report
daebff7c-a5df-4e22-ac0e-42537678e6f7,Backlog Report
daf647cb-d59d-4ccf-9185-0e694e66f24f,Backlog Report
db055cbf-3a8b-4ab1-8a87-045fae2b39c7,Backlog Report
db2b6b0c-7c56-46aa-8e78-dd5975ea2b0e,Backlog Report
db473ee2-dbb1-4934-a480-5a287b3d2ff1,Backlog Report
db50c381-71df-4575-8767-146c683a5251,Backlog Report
db625dbd-baf8-4f4a-8bdb-27f53935abfc,Backlog Report - Invisible
db662d70-6c0f-4ab8-9830-1d16fa8e6fa5,Backlog Report
db7421d4-a368-4d77-b3f9-7e628ee62e06,Backlog Report
db7587e3-1cf4-47b1-961c-04c69e1cd5ca,Backlog Report
dbb0f254-7498-4db2-9f04-339242dc7421,Backlog Report
dbbd8033-64a4-45b2-88ea-6f1be8fc82db,Backlog Report
dbcc9e66-4ed4-4159-8f2f-9d57c2125511,Backlog Report - Invisible
dbd1eb07-9e45-43ad-bd3c-5380ba38a7dc,Backlog Report
dbdcd6e7-919b-4444-9f5a-e1cee607cbb2,Backlog Report
dbdd1f90-d58e-4d6e-9f9c-80097a23067b,Backlog Report
dbfdcdcd-b630-4571-8fe9-85891fe94a16,Backlog Report
dbff8a2a-fa6b-41fe-803b-b2cb9f9b941b,Backlog Report
dc020fc8-8cda-4c99-a339-6ae1b0ab5f10,Backlog Report
dc15bf8b-012b-4fb9-82fa-a0dd46ab89ac,Backlog Report
dc18ec5d-80e2-431e-a56f-b14fc95243f7,Backlog Report
dc322be9-5a4f-44cd-aa39-e81f1cd4e40c,Backlog Report - Invisible
dc32345c-ee40-44e4-8385-1d9b9fc458e3,Backlog Report
dc4a0af0-2f30-42e5-a0c1-1215f9b26a7d,Backlog Report
dc508647-82da-415d-b312-91db638e63ae,Backlog Report
dc53e99d-1958-4c53-bfd4-69599fc7b3dd,Backlog Report
dc57e52f-f375-4bc0-9dee-9426a493a3ba,Backlog Report
dc65cd89-46f7-4826-9ce2-b56c972240f5,Backlog Report - Invisible
dc6c7dc0-4bc2-4b8e-916c-873fb1ef0287,Backlog Report
dc88b56f-6637-4d76-b778-b3f0e77ac67d,Backlog Report
dcac2ea8-ea33-48d9-925a-d1335a4ec925,Backlog Report
dcb86762-3d1e-4285-bb6c-1642239ba17f,Backlog Report - Invisible
dcea4364-1823-4492-93ed-f2b1223cd05e,Backlog Report
dd0728f4-bdb1-43cd-8c33-846575454d6a,Backlog Report
dd1efe9a-addb-4f07-a0b8-53da8963953f,Backlog Report - Invisible
dd2b24ad-e26a-4e1d-8dd1-9fdd72a3c858,Backlog Report
dd4c7b33-c5d0-4b07-847d-2904144ec8de,Backlog Report
dd5c6615-9e81-49e8-a353-b422c468f79e,Backlog Report
dd5f2128-2938-4cbc-bd0e-c25792046bc1,Backlog Report
dd630059-f06c-485e-8759-6cb1cb8933c0,Backlog Report
dd668e18-50e2-41b6-bf40-40d606ad723c,Backlog Report
dd70572c-8c5d-40c3-a47d-9196620a7f1f,Backlog Report - Invisible
dd7d2f0d-c814-4065-8a29-026b8d7ac3af,Backlog Report
dd85004d-867c-42d8-8b95-197a3f290f55,Backlog Report
dd906bb2-f000-4caf-8c21-b019ae297ec5,Backlog Report
dd98fa2d-7e73-4f06-80bd-be0ebadf9788,Backlog Report
dda19546-c6e0-42d1-a35b-91d000a31407,Backlog Report
dda6bf88-2bc8-4951-a199-b58f9f8efbae,Backlog Report
dda8bcfa-4e78-4f3a-87ac-079d1b1538ae,Backlog Report
ddb652cb-84e0-4c21-80d3-3b5b6dcdb423,Backlog Report
ddc26b09-37b2-4c25-9911-2c12ec66f15f,Backlog Report
ddc69d38-d06b-4c2b-8720-c2ba9644dff1,Backlog Report
ddc6f82c-07da-439f-ba16-e150d430fc36,Backlog Report
ddd247d7-434c-461b-9b94-b6e7f92de04a,Backlog Report
dddc3339-c3fc-413c-a7ef-90c9dc9b9d4b,Backlog Report
dddefb7a-8a40-47a6-9681-e8155806d828,Backlog Report - Invisible
ddee4963-c539-4f8e-9004-d594b42e23bf,Backlog Report
ddfa0185-896d-4346-b456-03f9d7373686,Backlog Report
ddfc1ec0-9997-4ecd-871f-b5cef3b1e145,Backlog Report
de0f3da4-5a42-4cd1-a8cc-cce041fa9ced,Backlog Report
de24d385-8108-4abe-b5b4-29b49033507a,Backlog Report
de4ac130-16f3-4b22-ba33-07a491944bca,Backlog Report
de4b4380-1efe-48ea-8123-3fc673ab64b2,Backlog Report
de76dc02-348e-4a90-8d5e-8728460053d9,Backlog Report
de78815e-5b03-4f66-8b64-935b74c92466,Backlog Report
de7994ea-fb24-424d-a256-29146e979837,Backlog Report
dea11d06-0de1-4600-9843-2b7ce3984283,Backlog Report
dea23b70-e022-44de-aef6-90f633fe2806,Backlog Report
deb175d7-09ac-4b39-922e-07da2a712947,Backlog Report
dec55b5d-fa14-412d-bcee-45c3d4cd9e11,Backlog Report
dedfc5c2-96cf-48cc-aaff-c15bd57df7b7,Backlog Report
deecb200-84ed-4e2e-8002-4556446f7eef,Backlog Report
def80c3c-2ee8-42ac-ac49-ce594d8cdc2c,Backlog Report - Invisible
def87ff3-3bb1-4834-bdff-bff2874d15da,Backlog Report
df049025-a592-4896-a89b-ca667c1e5f7a,Backlog Report
df08c2df-3edd-42c5-b1b2-8aad9449e6fd,Backlog Report
df0e056c-0655-4ae7-9c0a-748b819b16a5,Backlog Report
df0e5a3d-55b7-4b91-9b2b-1047148157c1,Backlog Report - Invisible
df146fac-7a3c-4c34-b7d9-93313c5efa19,Backlog Report
df39ac07-4a69-4972-ad49-90a58d533996,Backlog Report
df4f6f36-75f3-450a-b94e-b0b0fe8e164a,Backlog Report - Invisible
df72b464-62e9-4598-ae33-1e6afc4454cd,Backlog Report
df85c8d9-0239-46b7-9f6f-4cc6a145cbe0,Backlog Report - Invisible
df91eeff-fd59-48b0-b29c-d97546da08e7,Backlog Report
df9a2725-dddf-4b8b-92ba-7429643c14ab,Backlog Report
dfa283c4-37ca-4013-b1b5-9c2ce357924e,Backlog Report - Invisible
dfb1e398-6b45-4544-a680-9f0e92ce26bb,Backlog Report
dfc1c4d5-bf7b-4561-8dfe-b47c0e05e951,Backlog Report
dfc3d8dc-aafd-4fc2-a346-fb9cfc7abd6d,Backlog Report
dfc4657b-1f96-4984-9b24-17fe0a059971,Backlog Report
dfd06fc4-1083-42aa-a9cf-7a6fe2c965c0,Backlog Report
dfebc030-dcd5-4820-8eee-9c77d78da83e,Backlog Report - Invisible
e0045a8c-90c1-43b8-9eb3-bed4856ab069,Backlog Report - Invisible
e0186d66-d382-421e-8b6d-dc1fd49d88bc,Backlog Report
e01fb5ad-ed4e-4232-acd6-456757b4b375,Backlog Report
e0391a59-70a8-4d7d-80c6-66dde33a640d,Backlog Report
e04af8d4-b7cb-451f-94e2-c0eb44222c7d,Backlog Report
e050dd07-81ee-435c-b287-7625bd19f9de,Backlog Report
e05340ea-cb04-4b0d-a854-e19c8a3d1536,Backlog Report - Invisible
e05e6bf0-45d2-44e2-97f4-f4dc5d39fbc6,Backlog Report
e05e765c-b569-4eac-9fee-27ffc222457f,Backlog Report
e0602fad-9ca4-4a21-8e32-c6df979cec9a,Backlog Report - Invisible
e0673a37-34cc-4d4c-9e81-7fd6fe57cad4,Backlog Report
e06c994d-7a33-41e7-b8a7-bc819cca6f4a,Backlog Report
e0712449-7e29-4582-bab7-b4a5c253d4ee,Backlog Report - Invisible
e07a3c81-2f15-4742-8919-34e3d822e9de,Backlog Report
e07a467b-45dc-4b93-afd5-b6ba9a9d87f4,Backlog Report
e08ad9f4-61fc-4a83-a1c1-9e722e1fd8a1,Backlog Report
e0a9a0c7-2673-4e4c-bc5d-b40c58259c2a,Backlog Report
e0a9ac2a-cb5d-4124-bdf6-1df4b682bfce,Backlog Report - Invisible
e0bbd109-da41-474c-8bdb-45f3e8f3d1f6,Backlog Report
e0bc7231-6f04-4a00-8f13-e5baf1f70994,Backlog Report
e0c0ce65-0dd3-4f48-9302-185c59c3be97,Backlog Report
e0c3cb79-1b87-4222-98e4-55f6ad724c8f,Backlog Report
e0cb9c45-1924-4faf-a8b8-ffd58abfddb5,Backlog Report - Invisible
e0d64e77-8239-44da-8a60-c1644a975b34,Backlog Report
e0f77e96-8c17-4ee2-b8fe-fc056cbcf1d3,Backlog Report
e103d713-da14-4634-9db9-2a9102d6c4f3,Backlog Report - Invisible
e10f60ae-47e4-4893-af48-446432376157,Backlog Report
e11732f6-4fc6-434c-b6e2-7638405883da,Backlog Report
e11fd013-0d72-4bdf-98e2-8fb8d0b24849,Backlog Report
e125abb9-559c-4b04-8e74-c3508cbf07fe,Backlog Report
e125cca6-ef7d-4f4f-888b-a3f2b8deb8bf,Backlog Report - Invisible
e12c24da-ed32-4630-9b5c-0be6ac5db72c,Backlog Report
e138e072-278f-4445-9e93-e466b04acdc0,Backlog Report - Invisible
e13aa473-a469-4307-85c9-73675598da78,Backlog Report
e145ec6b-a5bd-47a8-a06d-d0858f321edf,Backlog Report - Invisible
e15e4120-cf7a-46f9-9fd4-297aa85cf2f4,Backlog Report
e16ecef5-fbb0-43ee-943a-cfb0e7727068,Backlog Report
e17a9cf5-ed60-482a-8274-4db2e90e68b4,Backlog Report
e19c5819-9beb-487d-9094-c1cef819cd78,Backlog Report
e1a5321d-16a4-400a-b75b-176ba0001e50,Backlog Report
e1a9dfee-c301-4d05-bc3d-8f5e1626c2b5,Backlog Report
e1add65b-ab80-44ff-a093-1d3b9debf5ca,Backlog Report
e1bd6f30-2ee6-4b0c-8753-4b40b35e45a9,Backlog Report
e1ce48c6-a7ad-4437-a185-148b3fb180ea,Backlog Report
e1ced27c-c89b-4a70-a42c-c714cd68c599,Backlog Report
e1d33f57-a7fe-4c1d-b17a-15d14d835587,Backlog Report
e1d623be-64c9-4cc2-8116-bcff2f613638,Backlog Report
e1dcf495-ba13-4a61-9cfa-3d935d314bcc,Backlog Report
e1e70957-a14e-4efd-9de9-b26fcaa9efd1,Backlog Report
e1e83b60-07a0-414a-8c86-c075b61df4a1,Backlog Report
e1ef95af-c0f1-459f-a897-4cfd45b455f3,Backlog Report - Invisible
e204b67b-76a4-44ba-b40c-b2b1c8805db6,Backlog Report
e219bf09-a050-4a44-b27b-02d62d884390,Backlog Report
e21c968c-0f29-4b2a-b430-374c0c68b29e,Backlog Report
e2444af1-bdc9-4e63-bc8e-5fdc9c3457df,Backlog Report
e24aaaf9-8161-40f9-ae08-1629b84b61a7,Backlog Report
e24aec06-9858-4b28-98a8-2c558ab30da7,Backlog Report
e27d6807-ab00-454b-9a4b-82f2b7383de8,Backlog Report
e2a18e3a-410f-4fe6-a019-f81a1ec6298d,Backlog Report
e2cb2960-03a1-4dbb-98d8-a70eb4c5c9ed,Backlog Report
e2f1703b-3bde-4756-b7af-88248781f72f,Backlog Report
e301503a-8f1a-40a0-be21-6df8cbef7e31,Backlog Report
e3092162-1f63-40ad-bc84-f9387d3ad1bb,Backlog Report
e3096a8c-1ed6-4fc9-8283-692846b5219d,Backlog Report
e30cbbfc-786a-4edc-bfdb-a480e33a8e0b,Backlog Report - Invisible
e311f181-6d49-4a02-b9ae-f8f922a8972a,Backlog Report
e31f8253-69ef-4876-a79f-eabb7d2b3b1b,Backlog Report
e321905e-6f9e-436c-8cae-3d9ae31d8cb3,Backlog Report
e32206a6-e0c2-4545-8de7-aad4455edb0a,Backlog Report
e338a023-a03f-4d23-b7f8-dfc3a1c21427,Backlog Report
e33ee78b-18e2-4b0e-a551-171d5f35b4b0,Backlog Report
e36defbc-b58b-40bd-a9fd-dad62e337fcb,Backlog Report
e3746797-638f-44a1-9b90-385f1491c072,Backlog Report
e377a43b-b8d7-46d1-87f6-d51db9f59fbe,Backlog Report
e38050e2-38e0-4ad2-bd55-5b172ddb1538,Backlog Report
e3893b79-6611-4cce-ac32-e22fe45de27a,Backlog Report
e3a92f6e-38e8-4fde-90a6-f67f71fe29da,Backlog Report
e3ad5627-4a1b-4ea5-b9be-870c2dd05f19,Backlog Report
e3b58836-ce5b-4eb5-8072-1db2e9fdbd80,Backlog Report - Invisible
e3cc25cd-8907-4885-9151-70e6a2ea05d5,Backlog Report
e3cd6b03-78d8-4345-8908-114941bec701,Backlog Report
e3d0280d-b792-4356-a71f-f84583bc18c9,Backlog Report
e3d5b161-44f8-4270-86b1-025d1a1d41af,Backlog Report
e3e34d62-cc4c-4e04-b098-b834599526d3,Backlog Report
e3f0858d-9387-4215-8146-456bac709a83,Backlog Report - Invisible
e3fc10b3-7add-43ac-9c2e-6ce12a2b5d59,Backlog Report
e3ffb128-e987-4150-ab5d-0f26ee2e1aa4,Backlog Report
e40067a0-89ad-4653-ba0d-efc31cbee3c0,Backlog Report
e40aee61-8996-49ab-9d3c-a7182e460d18,Backlog Report
e4143113-31e0-4e04-b838-ebbb3598024f,Backlog Report
e42256e8-ada2-459e-ab80-8be8c1824404,Backlog Report
e42aa3b6-0c16-41a8-a139-4e4c2586a606,Backlog Report
e42aacd7-1ccd-4641-a7de-238abd01cbfe,Backlog Report
e433ec1c-58d2-4b72-b7e4-e45987b6f821,Backlog Report
e436fc96-d4bf-4171-acec-e6847706abe7,Backlog Report
e43a0ea6-70bc-48f7-9e37-06ae6b943a0c,Backlog Report - Invisible
e43ae21d-94b7-4bb7-8c70-1b8e55d8f57c,Backlog Report
e4478ea4-f14f-47ab-b49f-3ab0316b3d23,Backlog Report
e447a688-56cd-47fe-ab16-4cff07829e41,Backlog Report
e449be66-77b3-4e0b-a4a3-a7bc57192268,Backlog Report
e463b4b3-8b89-46e0-8e00-b9ce6e2e8e33,Backlog Report
e49c36bc-43cc-46a2-819e-8b54f5cb6d67,Backlog Report - Invisible
e4a53ae7-14f0-455c-86e2-ba19f8be1ae2,Backlog Report
e4ade502-954d-4e41-9156-d82a51f7c9b2,Backlog Report
e4bd8164-eb21-436e-a3a7-03c8d58d6e39,Backlog Report - Invisible
e4c0209a-f8d6-4019-81d5-89851879ee90,Backlog Report
e4c28ead-31dc-43a0-80e1-44ca8dec8db7,Backlog Report
e4c50133-f2bb-4b88-8fcb-9b340af34712,Backlog Report
e4c6a58d-f94d-4882-9911-63fb8e79359b,Backlog Report
e4c9e7ad-d8b8-41f5-8767-74a8eb7be169,Backlog Report
e4d52555-090f-4cc2-a3d3-b9e8f1b4afb3,Backlog Report
e4d902ab-a253-4345-8976-e0f21061bacf,Backlog Report
e4dbf6b7-3f95-43db-b60e-1832182e6ec7,Backlog Report - Invisible
e4ec9aac-876e-4ebb-9df0-67e60c2442a9,Backlog Report
e5259f03-beb4-4e20-b70d-e7b4a591d37f,Backlog Report
e5275bde-0c77-4146-bd63-2f554576c08b,Backlog Report
e52bcc93-2180-4e92-a963-56dd3483c7b0,Backlog Report - Invisible
e53cedeb-8ddd-4e2d-af2c-08399e69a1ed,Backlog Report
e5597345-758e-41af-9551-9f76ab33769c,Backlog Report - Invisible
e560301f-553a-46cb-8c93-39aefc7882f4,Backlog Report - Invisible
e56abc86-97ce-448f-bbfb-be7b19dd3682,Backlog Report
e56c52a5-9534-4746-a594-c0b335d5fa6f,Backlog Report
e56c63d1-732b-458f-988f-fe8dd91e75ae,Backlog Report
e589db3a-a1c1-4fe7-b7d9-2698e6292484,Backlog Report - Invisible
e58b6aaf-dc7e-4f37-ab1e-fd9878cd4e27,Backlog Report
e5a7b3e7-98f7-4710-80a2-d9c1f3da0304,Backlog Report
e5b92252-c992-4fbc-8345-d913419df834,Backlog Report
e5c0318b-d747-46fd-adb6-6348b15821ba,Backlog Report
e5e985f0-7a6c-416a-8425-2217fa498f16,Backlog Report
e60d9ddd-18d5-4ce6-87ad-9399f61f7844,Backlog Report
e62150b6-bb8d-4354-a89e-325fd755936b,Backlog Report - Invisible
e63eba26-bf67-4760-8b73-521e2108518f,Backlog Report
e64355e5-e492-431c-89d0-5af79ad27668,Backlog Report
e64f7e80-5aac-45a7-bceb-03b7c314b4df,Backlog Report - Invisible
e651e30f-2eee-4b81-9f16-93f44a0d9a02,Backlog Report
e65fbe09-4844-47e7-b753-f08c9abd59d0,Backlog Report
e667f395-1695-4dcb-bca5-2840d8bc2c9a,Backlog Report
e66e3047-3631-4def-beb8-e7dcae67bb03,Backlog Report
e670d59e-08dd-415f-96cd-6e98fff6db67,Backlog Report
e6731a5a-8e68-4254-8e5c-444141c88a6d,Backlog Report - Invisible
e6772e57-c76b-44dd-a0ef-014be0d6c6b3,Backlog Report - Invisible
e68030ff-14bd-424b-aec8-e09d1f1495bf,Backlog Report
e68adf2d-316b-4a1e-806b-f64c157fc1ab,Backlog Report
e6dc0273-e554-4a2d-854c-13601483c915,Backlog Report
e6f778ca-841a-4bf7-a018-827aee80b215,Backlog Report
e6ff9b36-c9ce-407f-97fb-65634cc36a25,Backlog Report
e7191da1-c433-4063-aa80-f54c116fdedd,Backlog Report
e7271258-784d-4ab3-bdef-3ad1c229a7f3,Backlog Report
e7364547-b8fa-4920-8ac1-e6e5f80f89e2,Backlog Report
e7376b21-9cb2-406a-9f67-0b8e80bf1892,Backlog Report
e7460cd3-6f59-44e3-af93-3c797cf82463,Backlog Report
e746f552-1126-4875-b048-fe019f05e581,Backlog Report
e74e1aff-114e-410f-abf7-652e4abbefe2,Backlog Report
e7539dec-a9b7-4864-9c3c-d5c26b45445c,Backlog Report - Invisible
e7575cbc-c20e-4cf9-bf2a-5636cc32d677,Backlog Report - Invisible
e7576aef-7505-43c3-9fcf-3da8070cd1c8,Backlog Report
e75c0ccf-780a-433b-b861-2c09e7c6bac0,Backlog Report
e76283ec-9a0b-4331-a63c-923eecde4787,Backlog Report
e7754d37-1fcb-41ce-b83b-51263c705770,Backlog Report
e7785866-f767-4e14-b982-8e9da7fee2b2,Backlog Report
e784fe01-8b16-43be-800a-eb3fd4d85e5a,Backlog Report
e7ad0a48-135e-4b1c-9f15-063dce0e3052,Backlog Report
e7c4671d-b3c5-441b-9834-aacd3921add6,Backlog Report - Invisible
e7c5092f-88b6-44aa-ae24-e7ff72e456eb,Backlog Report
e7cd4d86-3734-4af6-a5de-8bd6a1b3e593,Backlog Report
e7e054dd-345a-48de-a606-db0f4bfd2fa6,Backlog Report
e7f10d02-b616-4d5a-8207-0ddf68418336,Backlog Report
e7fa43f1-3bd9-4bb2-a516-23ae5626a906,Backlog Report
e7fb7e5e-2c6f-4590-929a-9eed509eae5f,Backlog Report
e7fef044-a1f1-426c-929c-ffa10a12d125,Backlog Report
e801703e-2b32-4882-a43f-641518e46b00,Backlog Report
e8194430-6488-479e-bff1-25cc3785d818,Backlog Report
e8210d2a-df59-411e-b92b-bd355d3ae097,Backlog Report
e827e2a3-e080-4962-a239-a90d6c0b6425,Backlog Report
e829aa75-0c31-440a-a469-59a2142a716f,Backlog Report - Invisible
e833b0ea-cffb-4257-ac45-5571482c6c30,Backlog Report - Invisible
e8370638-7d1e-49cb-852d-e555390c63a9,Backlog Report
e841069b-b53b-4d41-95f7-04fcb3cd0f1e,Backlog Report
e8526d96-28fa-4009-b75e-472d4f640b18,Backlog Report
e85c5e3a-cb1d-4a79-9c59-569df01997a2,Backlog Report - Invisible
e8627996-8188-4836-a5f6-0588a8236ca4,Backlog Report
e862866b-5dac-4691-9b23-ce67e2157972,Backlog Report - Invisible
e86bb18a-3546-4d6e-814c-8d22e710d9a7,Backlog Report
e873fa20-0b49-4189-b964-96cda0278435,Backlog Report
e8773364-3eec-4339-a3ba-ee3140aafe9f,Backlog Report - Invisible
e8be0181-4f7f-4ad5-aa7f-00ec3589d9a8,Backlog Report
e8e638c6-3bb8-47c1-8059-849a608f02eb,Backlog Report
e8e79ff2-c7c8-4a93-b45a-d3a796d44cbc,Backlog Report
e8e870bd-6149-44fd-8ff6-95e4481950da,Backlog Report
e8e91270-0484-4e33-807e-d84731cf1b52,Backlog Report
e8f47cb0-d195-4976-8e41-4c5b43bc59de,Backlog Report
e90ef005-e701-433c-99ca-68382e4bd586,Backlog Report - Invisible
e9288098-acae-4fbc-a653-23130c710541,Backlog Report
e92a92f5-2d26-4dd4-abf5-3197f59db76b,Backlog Report
e92f252f-19fa-4fd9-8b9f-2616717d2f3e,Backlog Report - Invisible
e945b9fd-367b-4121-b07c-9f7d18e2e77d,Backlog Report - Invisible
e94a1561-c43b-48ee-9ca1-dcc35b1f960a,Backlog Report - Invisible
e95006ba-2ed1-4f55-b871-76df44beb4b1,Backlog Report
e95e855f-e752-424b-9350-ba7cfa560c92,Backlog Report
e95ee190-b1a4-499a-8de5-3fb9535de980,Backlog Report
e964d9e8-a566-414b-a4d3-d7f55053bd16,Backlog Report
e967c791-3fe6-4912-8c51-2f688dd5440d,Backlog Report
e98d30ef-a142-47b7-8082-189a116d2ab8,Backlog Report
e99f68c6-ff9c-4ffa-ac03-c56dfd420015,Backlog Report
e9a795fe-8ed8-47db-864f-403ae5ee263f,Backlog Report
e9ace11a-b6e2-4a91-9904-644729e3ba45,Backlog Report
e9cc4248-f187-44bb-a706-b7afc9ebff61,Backlog Report - Invisible
e9ded448-655c-47c9-b826-e326872827aa,Backlog Report - Invisible
e9e1b497-40e9-4871-bc7c-7a45f65d0935,Backlog Report
e9fa2376-9b3f-40c1-a541-2f606796ce9e,Backlog Report
e9fd01d3-f447-44bb-a6c1-59a105525345,Backlog Report
ea093626-6c74-4a37-bc4f-e3c4533e5876,Backlog Report
ea22d67c-7a5b-4c03-8c44-2f5064790189,Backlog Report
ea2459da-c77b-4936-866f-4ba5e4368940,Backlog Report
ea2619b6-7b04-4ce9-a89a-b360098dd865,Backlog Report - Invisible
ea3d94d5-6b09-4aa0-b131-bd73df22e615,Backlog Report
ea3f026a-b1c1-43b6-99ae-a5d4466adc39,Backlog Report
ea51969c-f4f9-4bc4-86d5-a0be0a56be8f,Backlog Report
ea5f8af2-70a9-4774-a5f3-11a752bbc09b,Backlog Report
ea6c74f0-b8ea-4c7d-9d89-04627233a114,Backlog Report
ea980ffd-91c8-4a3d-9fed-032f5496d9ba,Backlog Report
eaa3198a-3aa4-42fa-9875-8df0b22b5765,Backlog Report
eab6c6fb-fe4e-4e68-9db4-3d344d7a2c41,Backlog Report
eacd2fc7-1e6c-46c9-a8a1-b709d4328d3e,Backlog Report
eadfd387-5351-45aa-8d65-a187faa60f66,Backlog Report - Invisible
eae0429c-cbe3-4e4f-9429-019303fc0fe0,Backlog Report - Invisible
eae0f991-c12b-40e6-91dd-f53afc248547,Backlog Report
eaf0245c-ae56-4b1b-8905-bb49f17f953c,Backlog Report
eaf2c099-65bb-470f-813d-7590ccf78734,Backlog Report
eaf6bea9-264f-4e4b-a84a-33ce5c15d9f2,Backlog Report - Invisible
eaf85ae4-e78d-4b70-bcd3-4da9920a765d,Backlog Report - Invisible
eafa7367-f731-4eb8-bd81-2cf5c309c697,Backlog Report - Invisible
eb052e47-c8eb-4af3-9b57-40258dbbb6d1,Backlog Report
eb0fa117-5def-406d-8298-bd5c643a3176,Backlog Report
eb1169de-f10c-4af3-b76b-b90017326d2a,Backlog Report
eb4782d1-b80f-4a3f-8238-ca84e04605b1,Backlog Report
eb479f7e-176f-4407-b49d-eba77b9d0754,Backlog Report
eb4faf4b-f86f-4af2-a0d7-e8ab0498f5bb,Backlog Report
eb5c1d67-38a7-4fa5-898d-b91273c1f92f,Backlog Report
eb5f0731-23b9-4e67-a1f7-03de0e257ff0,Backlog Report
eb76a55d-4b10-47e2-a6b6-2736cc2b9d57,Backlog Report
eb7bcc07-0515-408e-8014-fd02615f4de6,Backlog Report
eb7d84f0-e693-49ca-a8c7-e7ee505776ba,Backlog Report
eb8a50c4-79d1-4548-a6d7-3eac52f04366,Backlog Report
eb9c3b18-b145-4064-bed9-a3443a8bc587,Backlog Report
ebafbdd2-4de1-4e9e-8d7e-79a4cd630000,Backlog Report
ebc26007-7c4d-4785-b732-b2e578411abe,Backlog Report
ebc5b48c-68c9-4242-9993-1d18a96fce3d,Backlog Report - Invisible
ebc85c6a-ac1c-49bc-927c-23239aa60aee,Backlog Report
ebcefd3a-598d-43fb-b813-0bf89b193354,Backlog Report
ebfff2ba-86aa-4b9b-85f8-52ff470805c1,Backlog Report
ec035468-d32e-4f76-bd76-8da9782207ec,Backlog Report
ec082659-396e-4ea8-b399-358477efa744,Backlog Report
ec087fcf-4762-4aac-b725-f2722b3ba20d,Backlog Report
ec0b862c-1bc9-476e-a821-b73cb1bf26c8,Backlog Report
ec2711d4-d830-4938-9f0d-3edb7b79ee77,Backlog Report
ec30e377-3c9c-404b-9da5-e46be629f91d,Backlog Report
ec38ea5e-c2a8-4d0a-a391-a7ccd3e8427c,Backlog Report
ec45405e-b5d5-45bd-9931-db85a7e5ee11,Backlog Report
ec50c59e-c4f2-4378-8043-b6b3e37f5e3d,Backlog Report
ec54ff2b-3bad-4109-9a07-eefe11f1279c,Backlog Report
ec5de6d1-87bc-415f-8bc9-0485b2a02f01,Backlog Report
ec7f30ef-37b2-4b15-8dbf-f446440f0e16,Backlog Report
ec987ee2-7f0d-4d3d-987b-68d7b3925b6e,Backlog Report
ecc03025-bba6-4dc7-a54c-680e51cb1761,Backlog Report
ecc68290-9f41-4d45-80b0-404225ea3fdf,Backlog Report
ecd3f0cc-35db-4629-a712-9018b42c6fdb,Backlog Report
ecf0306e-fd21-46f7-809e-776e5f32d45b,Backlog Report - Invisible
ecf3e770-0079-46a0-8c33-32953e945277,Backlog Report
ed0c8276-ad38-4dec-8c64-cbd4cd9bca16,Backlog Report
ed1c3ff2-9750-44bf-80a1-d4a3b3b82342,Backlog Report
ed7590bb-2ed7-4339-a485-bcf5dd2965e2,Backlog Report
ed78e6a1-89c6-4683-94e2-d7a46dc804c1,Backlog Report
ed85adbd-0f8c-41c6-8bd7-af1c90ec114b,Backlog Report
ed957cc9-5299-4c12-b7fe-6810f369ecd0,Backlog Report
ed9a72ba-6afd-4304-a8b0-e942555c3938,Backlog Report - Invisible
ed9e3450-7eef-4aa7-bf96-538e19a022d6,Backlog Report
eda29395-17c2-4fff-b113-31bf6d98e9af,Backlog Report
eda6fbd7-c9ad-46fd-8676-e127fa5f61b1,Backlog Report
edc0eef4-bc7e-4ad2-99df-67db15518919,Backlog Report
edc414d7-1ab5-42a8-8e6a-51da46740dea,Backlog Report
edce21e6-423d-4493-b8dc-273ea463a3e1,Backlog Report
edd922b6-77e4-433c-a301-fe0377dd570a,Backlog Report
ee15b468-d90a-4c78-a3e9-76f396f6aab6,Backlog Report - Invisible
ee1f810b-4f30-4db8-a7d7-faee6a8c03fa,Backlog Report
ee3ae6f6-b29a-4170-a3ac-4fd6ae4de86a,Backlog Report
ee3ed6bf-6ac7-4592-b45e-17d345365d15,Backlog Report
ee49c97a-bd1a-495a-9eeb-aea46aa53a9c,Backlog Report
ee55dca6-78ba-4416-a5de-6d879d783062,Backlog Report
ee6542c5-b58b-4b79-9ab3-ee6c7afc25c1,Backlog Report
ee741ed8-177a-4465-a948-1dc9f1a6bd0e,Backlog Report
ee796c06-ef4c-45aa-948e-2985369a5164,Backlog Report - Invisible
ee8a98c7-fd17-4512-88cd-baddc7c3e0ee,Backlog Report
ee9778f8-225a-4164-9ba0-8513161afc86,Backlog Report
eea899f2-9242-45fa-96ba-ae628fbaa69a,Backlog Report
eea9ffe1-ef51-4220-802b-c137d587fbcd,Backlog Report
eeb18c79-858d-44ea-9298-ca47cbfda0d7,Backlog Report
eeb24e04-2841-4517-9ba9-8fcb999cde82,Backlog Report
eeb3baba-e31d-4c47-98cf-1f2fbd8041cd,Backlog Report - Invisible
eeba8d20-b2be-433f-96b7-9b297699a5c6,Backlog Report
eec0cf3d-c2b6-4d2c-be30-bd04f5ea25a0,Backlog Report - Invisible
eec0d48a-bec7-4ceb-ba05-5541d8e31f6f,Backlog Report
eec5acaf-f39a-400a-89e6-0a07d25c777a,Backlog Report
eec6e03c-9b9e-461c-a45a-fa77268e5e2b,Backlog Report
eef2bde6-2dd0-4bb0-bae6-189977be27a2,Backlog Report
eef5ba4f-8eba-417d-a0bc-3a1e5029201f,Backlog Report
eef649fe-c61a-4f41-9e09-e372d535a73d,Backlog Report - Invisible
ef0afe53-dc1c-4090-b698-0cfac904ef1c,Backlog Report
ef2de22b-afb1-4b7f-bef1-a5919d3ea11f,Backlog Report
ef301cde-6608-490b-aeae-162e0f5b7109,Backlog Report - Invisible
ef318339-6373-40dd-bfce-d47ffacfae8d,Backlog Report
ef33d1d6-af80-4a4b-8216-cd150c426ade,Backlog Report
ef35a1da-b160-4236-8a88-d43c57c260b5,Backlog Report
ef36b8d8-fc2e-4627-90e6-72b31ff88cb0,Backlog Report - Invisible
ef41e110-4c63-4035-8c0c-97697425178c,Backlog Report
ef4a558c-8799-4107-b4f9-39d0147f3df5,Backlog Report
ef57d23d-812b-4605-b08d-57c8836e76d4,Backlog Report
ef61e8f1-9e54-4bce-8af3-6fa13c42d50e,Backlog Report - Invisible
ef64dbd0-7088-44ad-b7af-147f6862b76e,Backlog Report
ef709a85-9442-4d2f-82e3-52fd026b8c34,Backlog Report
ef710b35-212f-4669-b179-61c075964175,Backlog Report
ef821e21-0166-454c-b531-6f888f87dc1b,Backlog Report
ef91d0e5-b06c-45a3-8675-4ccdeb85aea9,Backlog Report
ef95e056-7b56-40de-95ef-373870fc2c78,Backlog Report
efa00fd7-e41f-45e1-b711-0c849b637ef0,Backlog Report
efa49c97-4d81-403c-bbcf-6c1c28b781b0,Backlog Report
efac1e15-f8fc-4adb-8eaf-5965bb84e887,Backlog Report
efad5854-6c67-4ffd-b5db-54a4567c0fa7,Backlog Report
efaeafc1-b821-4231-8394-012340d48d2a,Backlog Report
efcde0cd-bc69-4459-983f-7147c25dc9bd,Backlog Report
efceab3f-5b55-4f14-a67f-72b3661cbfcd,Backlog Report
effd7ccd-a439-4d71-8e06-ea3a5e890e18,Backlog Report
f0025eca-a419-449f-889a-54fdf3619cb0,Backlog Report
f00b7aff-e246-4ca3-9872-9f9f0aed4dd6,Backlog Report
f0146efd-9b8a-4736-aff3-3724a59e813a,Backlog Report
f02056e0-d725-4a5f-baff-5a55912dc5ef,Backlog Report
f02340b6-8cb8-4525-8902-a9324016bcb9,Backlog Report
f03bbd58-194d-409b-8599-0fb65a9dd35e,Backlog Report
f05a598d-b7da-412b-b68b-3e26f9a9c3a1,Backlog Report - Invisible
f05cdf81-fef6-4066-a98d-d03ebd670263,Backlog Report
f05f8de1-a134-45f9-bff5-fb4c1f7cf093,Backlog Report
f06c196a-9660-4c9f-9bf8-1ca91d2ec187,Backlog Report - Invisible
f088142d-6be1-487d-8d15-4828a687cd40,Backlog Report
f09e3bb6-4ad3-45f8-ab6f-5931be27b13a,Backlog Report
f0ab7d67-7e48-44c5-99f7-433f5a42d247,Backlog Report
f0bca1aa-f137-4e76-859e-79ac02ad4275,Backlog Report
f0e8db16-2cc8-4c69-bea5-5778ec10d056,Backlog Report
f0ec2547-0d8d-4605-804a-de6acb4cbe80,Backlog Report
f0efc7da-25bf-476c-9c60-224d6f00ce46,Backlog Report - Invisible
f1082a29-514b-4c82-8117-27adfef8953f,Backlog Report
f1118b7e-9b37-4934-b530-7e5a77ec5251,Backlog Report
f12587be-b812-4d25-b6dc-31286bc515f8,Backlog Report - Invisible
f125eb1e-62f1-4950-8deb-87bdd33ad94a,Backlog Report - Invisible
f12f6686-cbcc-472e-9fbd-dc9af851bcc5,Backlog Report
f137e9ef-1e9b-4177-9929-d0dc38d30439,Backlog Report
f141c59b-a776-42d8-b90b-7b80c39e0c91,Backlog Report
f15a72fe-d04f-4927-82b4-2bbda2ef617d,Backlog Report
f180f2fb-814b-4d73-a1d5-ec7a86263a7e,Backlog Report
f189f079-2093-474c-8de9-9ffc75e69adf,Backlog Report - Invisible
f197df2f-e47c-475b-a572-658cf1a36348,Backlog Report
f19c4100-4488-4d02-abe7-f2727d8db870,Backlog Report
f1b9c3d7-4ddd-42e0-b8f8-a9f3b465b44d,Backlog Report
f1bd0fb6-8ef8-48fc-ad78-29aca1ed2034,Backlog Report
f1c31df8-2f69-47a8-bed8-eaddf2735645,Backlog Report
f1c9981c-7f0a-4bca-901a-021641669fb4,Backlog Report
f1d1d0a0-d954-4425-bf96-a33f46ced7c2,Backlog Report
f1d8289f-105b-4571-8bc5-a848c7b6439b,Backlog Report - Invisible
f1efda02-f30c-41a7-a3cc-7f06a52c6600,Backlog Report
f205602c-4cd5-4205-9021-b648e2c73670,Backlog Report
f210bb65-b93c-42d9-add6-6d8ea8de045e,Backlog Report
f21fb96a-2534-411b-a522-e792a1a73732,Backlog Report
f23d141b-f419-486e-bd41-1667f5d51a46,Backlog Report
f24771cf-4c5d-4311-8050-e80ce424e25c,Backlog Report
f24ecf87-5520-4bc8-aee6-69064a421697,Backlog Report
f258e3e8-54cb-4ad1-ba89-049e48fa61dd,Backlog Report - Invisible
f2689639-70dc-4859-9adf-12fccba6fa23,Backlog Report
f27fa6f6-0a23-4893-a789-1bd3dced2e38,Backlog Report
f28a6279-a9f1-4938-9933-f1211ae0ba0f,Backlog Report
f2961723-e1e3-449b-b982-50c5d5374598,Backlog Report
f298016f-a73b-483b-812c-e8b93819db28,Backlog Report
f29d98e3-0957-4491-a878-b4461bc2eb5e,Backlog Report
f2ad841b-3eab-4bf2-882a-b09d3a306af8,Backlog Report
f2c04c9e-610a-4c84-92e9-bf20890ca3b9,Backlog Report
f2c46fe9-de04-4750-8e8d-f8e35af25bd6,Backlog Report - Invisible
f2c65b94-6f0c-4655-b69a-2e3ba8268ac5,Backlog Report
f2f787dd-fa1b-446c-8d84-027ca55e0600,Backlog Report
f2ff9442-1fa9-43d5-9ab8-eec3a03358e7,Backlog Report
f30c3d9c-aff6-4a0d-9566-27a4288d9bf8,Backlog Report
f312dc8c-711e-41a4-8156-6dff8069fb55,Backlog Report
f31bf2d3-356e-4788-a017-d2f5a9ec88a1,Backlog Report
f320858b-fb85-4e0d-9c0f-c8ff9d5aed1f,Backlog Report
f321cc7d-a060-45aa-aede-95be7f3721f3,Backlog Report
f3352c76-b505-48ca-916d-a2059d35b416,Backlog Report
f34d1701-cf28-4d44-afa4-58ed17b3aa9e,Backlog Report
f351cb35-83c8-4337-8f0b-ef8abc30a1a5,Backlog Report - Invisible
f366abc9-bb59-4b99-a65f-9d8dea419077,Backlog Report
f367953a-b0db-4cff-8f9f-52bc783639a9,Backlog Report
f36825cf-e470-411e-a65b-da433e95b602,Backlog Report - Invisible
f3695aaf-9907-4c3f-ab1a-e265e9a5065f,Backlog Report
f385dd70-360a-4883-89c7-03d75c098c00,Backlog Report - Invisible
f387c970-8e36-4acd-b0d1-9355cc7183ca,Backlog Report
f398f316-35eb-4db3-91f2-88b1562b4213,Backlog Report
f3a61c02-1c48-4d79-84a5-0c06069791e4,Backlog Report - Invisible
f3a63a94-372c-4d80-a78f-8eb826b62187,Backlog Report
f3af08d5-906b-4905-970b-08fbddb09a6c,Backlog Report
f3bdead6-6099-4fc9-bc32-a8c218ee977b,Backlog Report
f3c6a863-11e4-4382-8cbd-5ec749291a5e,Backlog Report
f3cda0d0-1fd3-4fdf-9d83-80569f8f9f70,Backlog Report
f3cdb6b5-5bf9-4d2d-95ed-08b64106f92e,Backlog Report - Invisible
f3cf5f93-cf4c-421a-8388-fb316a8cd037,Backlog Report - Invisible
f3ea06e4-aacf-48b1-8e09-5a338dea71a9,Backlog Report - Invisible
f3eb00f3-b4cf-4cde-a24e-be128bd796cf,Backlog Report
f4020a87-0754-42c7-aa6e-785e7dddeadc,Backlog Report
f403ceda-7475-40ba-b85d-9664f8ef3d62,Backlog Report
f4077d11-d1d5-48f6-9d7b-cb56a8361746,Backlog Report - Invisible
f40e4bf9-ad86-401a-87ce-093ebeb49cf9,Backlog Report
f4215dc7-fbb9-400d-8fa5-259fb4529c5d,Backlog Report - Invisible
f422929d-62c3-45c3-864b-f384efe98507,Backlog Report
f4242b3a-04fc-4898-9689-b6c2274c9de6,Backlog Report
f424b9c5-19ea-47fd-9720-748d42d5afb8,Backlog Report
f42a4744-7aee-4998-afee-ec87264eef2a,Backlog Report
f44f33ad-73f9-4118-b54b-9c7752263510,Backlog Report
f4682feb-298b-41fa-b7bd-45a404acbe4b,Backlog Report
f49e4ebf-2069-4b0a-bbf8-2a27b88b0d2c,Backlog Report
f4a53c08-0f37-4026-9c1d-5a518aebb457,Backlog Report
f4a6aecc-64e8-4ad8-9eef-56983db92776,Backlog Report
f4aa8851-7739-4c3d-a84b-4f8519d2dd3c,Backlog Report
f4af4b30-7bdf-42e6-a285-ef3978454317,Backlog Report
f4bd5da7-f8b1-40ae-bbc7-c1eb2cd89cf4,Backlog Report
f4bea8d4-347d-417f-a3aa-2029e37027fc,Backlog Report - Invisible
f4c46a55-519b-49fb-83b4-829295292bc2,Backlog Report
f4d294c9-bea9-4a89-8d6a-8ee19f2f17f0,Backlog Report
f4dabd3e-df3b-4ae8-bfdb-329501bdedad,Backlog Report
f4dd82ad-cfb4-468f-b45c-a829fd4c7b6a,Backlog Report - Invisible
f4de5b53-692f-4b4c-b151-4714e5e4ccdf,Backlog Report
f4f23a62-66c9-4e61-966f-7ca9ff70375e,Backlog Report
f4ffea90-01ce-4da1-9355-d0cd92296f48,Backlog Report
f502ae56-bff0-44bf-9c12-f3adc4ad63e3,Backlog Report
f51227f5-f978-4715-a4d4-61dc0cc0377d,Backlog Report
f5145f81-faee-4694-b72a-d560d50a2c09,Backlog Report - Invisible
f5146014-97e2-484a-be93-e4f199a07862,Backlog Report
f5335d46-9b7d-48a4-9ab5-7530399d736e,Backlog Report
f53e3394-983d-4716-9260-485d08a5fe0c,Backlog Report
f546996b-9e2d-4919-876b-5cfe45d901bf,Backlog Report
f5484202-0e59-4469-bf9f-3fb13e1816df,Backlog Report
f55c6471-3e03-4767-af12-5a9315cb4c29,Backlog Report
f5660562-574b-422a-8585-04e93e34bb11,Backlog Report - Invisible
f57d7757-2c0b-4f9f-b8a3-afea2f1d2b83,Backlog Report
f57e4ef4-cdc4-4783-9569-bbfaa7197ec6,Backlog Report
f5854fa5-eeda-4081-b841-fa28f346e14c,Backlog Report
f58c14e1-32cf-454d-8c08-2f9d0430e21f,Backlog Report
f59dca7b-0e8a-4783-ae48-c94c239deec3,Backlog Report
f5b6a8a8-1e8d-4f64-970c-85cc44844738,Backlog Report
f5b79fd5-31d3-4051-b244-e8219640b777,Backlog Report
f5cb1894-ed1f-451d-a84a-fb89a9806285,Backlog Report
f6231b56-66e0-4e02-8007-c80cf5afd645,Backlog Report
f62a4443-0aa4-4978-8aeb-10b77e44157f,Backlog Report
f62a74ec-fc8a-4e2b-840b-4f4918f5b8f7,Backlog Report
f6308438-ca3c-4445-8f18-5238e4b65b76,Backlog Report
f63d8360-2ab9-4033-87e1-cf127d0d8166,Backlog Report
f6484977-c966-4949-9528-5842d341b2d2,Backlog Report
f659a196-5ccd-4b13-8b61-f176492d87a4,Backlog Report
f65e0688-b571-4022-bc3a-b747d271398a,Backlog Report
f6662972-2442-4e97-8e10-1fc1c6b3694f,Backlog Report
f66a84c1-30e0-499b-8781-192474faf4fb,Backlog Report
f67b29f2-a3e3-46e3-b7f9-83d3286384f9,Backlog Report
f67c81de-31a4-446a-af81-d43d2191ec6e,Backlog Report - Invisible
f67e359f-136c-4f20-a75d-c78736fe7db6,Backlog Report
f686e936-11b9-4b73-9cd8-c40191792382,Backlog Report - Invisible
f6a41d0e-2b59-41e5-b1db-44cd95e73124,Backlog Report - Invisible
f6c76a1d-4969-47b6-aba7-18e1c4e17945,Backlog Report
f6e7a78a-51eb-447c-bc89-175faa3f2c9c,Backlog Report
f6ea646b-6b97-444c-940b-f0bc94b06830,Backlog Report
f6f366cd-d8ca-413a-9a55-44efe2d0f6f1,Backlog Report
f6fc32e5-df2e-4c6d-b97d-2ed506330b40,Backlog Report
f7146fe7-44c2-45fb-abea-ccfab0150124,Backlog Report
f7234bda-9f85-4c17-bcd7-b15cc1ba6a11,Backlog Report
f726964e-b273-4ba2-867a-9bb177b95e24,Backlog Report
f732a687-50f0-4425-8e35-86a30db900b3,Backlog Report
f737d39a-7468-4841-a845-b29c3b6c5b48,Backlog Report
f74567f4-2845-4807-a752-a3c609c1c4eb,Backlog Report
f756287a-0b57-464d-a3d7-221105ca51bc,Backlog Report
f75bb7b8-58bf-47f6-874a-99975e163eef,Backlog Report
f75cf0ee-1a52-448a-85d2-a44c568fbd02,Backlog Report
f75fbe45-b925-4398-9a72-0a95507631f5,Backlog Report
f776644c-1f95-48bf-acc3-72d86fa2bd3e,Backlog Report
f77c6f24-a190-4821-b261-b81200ea4e7e,Backlog Report
f77c8017-d442-4d4b-92e9-d8a4c2cbc8c1,Backlog Report
f78caec5-87e9-4835-b66d-3d53d73b399a,Backlog Report
f796b130-2119-4854-9e3c-37ffd531c863,Backlog Report
f7a84c46-726b-4e70-a090-78fee2307745,Backlog Report
f7c7cc22-7a1e-47f3-8404-c73f8456699c,Backlog Report
f7d2d791-b7f8-4160-8b5d-00746e7d3515,Backlog Report
f7d73105-f847-4f7c-94a6-0835e2720571,Backlog Report
f7e6ad05-b7cd-4b43-a2eb-e123f3ceb420,Backlog Report
f7f0d8d0-4c01-47b5-b4ac-8e50ba2b9dd3,Backlog Report
f7fd0cc0-ca4e-45da-8bfa-75600b06fc53,Backlog Report - Invisible
f80c46de-f159-4d2b-b565-d70bc65f25c9,Backlog Report
f80db405-6cf6-428d-ae1b-e9c10058bf0e,Backlog Report - Invisible
f815fba1-e350-4e0a-a63a-a3a1e3c14940,Backlog Report
f82677bb-8565-4c4c-9d0d-89b2996084cc,Backlog Report
f829b4ab-5fac-49b0-a86b-c74e6fadb512,Backlog Report
f82ae457-8128-4a2f-a57e-3a77123abca5,Backlog Report
f8387454-ed02-407c-8d60-93f466b84a87,Backlog Report
f849a98f-9b4d-4123-9256-2d0edd5fa45b,Backlog Report
f8684c20-ca27-472d-92b3-c899af82ea3c,Backlog Report
f86a9463-b385-446c-a2f5-5679ef2459c1,Backlog Report - Invisible
f87950a3-da63-4608-a256-69d64ebea403,Backlog Report - Invisible
f87e2a19-aa60-4995-b111-545eb239e055,Backlog Report - Invisible
f88653ca-2545-48a7-8626-3070271d229b,Backlog Report
f88f8f7f-e853-4f2e-b7a8-30e422245282,Backlog Report - Invisible
f8b2984f-1ae9-46a4-a30e-48c03198a5c8,Backlog Report - Invisible
f8c8e556-e7e2-4175-a26b-c82b16c651e1,Backlog Report - Invisible
f8d269d0-3c10-4d12-8528-479957f2fb26,Backlog Report - Invisible
f90169cc-59ca-49cd-a2e8-2060a7079959,Backlog Report - Invisible
f9032ea9-b67d-4a03-9785-068103b71546,Backlog Report
f926fa80-a4aa-45f2-bbe0-3e549a0eb162,Backlog Report - Invisible
f92da9b5-b973-44e6-8666-50ca411908b3,Backlog Report
f942c426-13a8-482b-b6a8-0605c3a049d1,Backlog Report
f948824b-bceb-40a6-97b8-e2c5f81b8d2d,Backlog Report - Invisible
f96b8d20-5b99-478b-b6fd-598f416a1807,Backlog Report - Invisible
f981dc29-ea77-47f8-95e2-d0c99b3d68c6,Backlog Report
f98bfa6a-7282-4afe-9278-2c198ee8df77,Backlog Report - Invisible
f992da36-0928-470e-a13f-3eeed44089c0,Backlog Report - Invisible
f993be04-ef74-4523-bf5e-e65eff63471c,Backlog Report
f9a09840-32be-424c-aea4-7c01bd9d31dc,Backlog Report
f9ab4ccb-10da-4676-bbea-87a14eb038d6,Backlog Report
f9be6298-2287-4cba-a7b9-759905ac9d9f,Backlog Report
f9dc53ff-f7fc-4939-994c-5d533bd6b58e,Backlog Report
f9f6ceca-292a-48c4-bd47-a784a1077428,Backlog Report - Invisible
f9f92821-dad0-472d-841f-47ffe28e1587,Backlog Report
fa005ac8-1dfe-4449-9dcb-c4edf3dfea6d,Backlog Report
fa412b2b-ab35-429f-97a4-6cfc519a7c12,Backlog Report - Invisible
fa453f36-525d-4a38-8edb-1013c86e4aa1,Backlog Report
fa4545c9-786a-43c8-a2a4-4bc2803cbf16,Backlog Report
fa4f5141-86c5-4ace-996d-80d04c62b4a2,Backlog Report
fa5247ad-6aa4-401f-8ee5-53fe71c2e259,Backlog Report
fa638f2f-aec0-4322-ab4c-1d1d2775965c,Backlog Report
fa7dd1a8-47ba-42d7-b65d-784d8b3e05c4,Backlog Report
fa7e30ef-441b-4ebf-9f45-92179b13f1e1,Backlog Report
fa7f0fe2-5758-47d0-955c-ec1f930a9db2,Backlog Report
faa04b5f-e7e9-43f4-8c1f-51632426bfa1,Backlog Report - Invisible
fab1d078-9b3f-445b-a303-97094d3a1944,Backlog Report
fabac2f5-8a5d-42b7-bb11-0f5ccc39e899,Backlog Report
fabefce4-6d26-4a72-a4a0-091659458b74,Backlog Report
fac79b70-d50a-4348-9304-52edb5c8e209,Backlog Report
fac96738-1c36-4c10-abdd-20cd34306edc,Backlog Report
facf4e8c-ebb8-4387-a3a2-9de8b5d53c0d,Backlog Report
fad61928-3ff0-4a05-92b7-978b579f1826,Backlog Report
faeec4f3-789b-4659-b87e-f512e345f6d4,Backlog Report
fb01df5f-6090-4063-a0a8-31bcaced1d13,Backlog Report
fb223006-6693-4319-8ed5-5142375d047d,Backlog Report
fb26d6f6-8ac6-43b4-9dd8-168068832e85,Backlog Report - Invisible
fb390a7f-7bc3-4220-981d-ac746208e05f,Backlog Report - Invisible
fb55b2a4-a0f9-4c5a-9df8-7a4593f162d1,Backlog Report
fb562a07-ccec-48a2-aecd-ea8ed1e0921a,Backlog Report
fb5c1adb-4efe-4884-991d-ff4721b5a932,Backlog Report
fb767497-5c79-45ae-b2c8-bc1590443fcb,Backlog Report
fb839afa-4229-430b-978b-92da3defad19,Backlog Report
fb9f6c17-db0f-4499-88e9-477e6894e12a,Backlog Report - Invisible
fba17382-9ea5-4af7-aa32-664ad1c0cb86,Backlog Report
fba59d59-d556-4cea-a448-d6eaafc7a98e,Backlog Report
fba5f3ba-52c3-4bf9-9bbf-6292f8822b46,Backlog Report
fbb3c000-dcca-4b13-b2e5-29ef7742dc1f,Backlog Report
fbd2857e-c8bb-4ec9-9897-19b2e2f6251d,Backlog Report
fbdd3713-b1d1-4856-8a5e-f32e4782d440,Backlog Report
fbe94735-8d12-41cc-9a49-e446247d8847,Backlog Report
fbe9cc67-8da4-43f0-a6f1-0cc588bbd313,Backlog Report - Invisible
fbee0da7-84aa-4a7d-ac5d-aabeab7db6e6,Backlog Report
fbf021a6-e219-4205-8eaa-7d1c34b85205,Backlog Report
fbf1a762-bd2b-43ed-af3e-e192a7ffdcaf,Backlog Report
fc0492f6-1cc2-41ed-943a-736a1b85645f,Backlog Report
fc0b3027-263c-47e3-84f7-b188168bc4bc,Backlog Report - Invisible
fc4bd56b-74c7-4744-8af7-a8ef80a994eb,Backlog Report - Invisible
fc4d0503-3adf-438e-bdb0-82b7d615a09b,Backlog Report
fc4f00e3-66c9-4ee9-b7ef-2b1f61c80217,Backlog Report
fc54b754-338b-4ef7-9ca4-be35932d3d2a,Backlog Report - Invisible
fc66cb10-0376-49b5-8b00-c730f70bb22a,Backlog Report
fc87d601-87ad-4ff2-b308-81d4de921dc7,Backlog Report - Invisible
fc999a6a-709e-417d-a485-d7b48f2c80ce,Backlog Report
fc9b6abb-b891-4056-82c0-a4f6b883055a,Backlog Report
fc9f01ff-7817-4c05-81bc-0d46043e0ee2,Backlog Report
fca08021-d86e-499b-93de-6a7ff69b3263,Backlog Report
fcac50ee-75eb-4f2f-8107-1a740dd3de49,Backlog Report
fcd0c7d4-534e-47f5-a3f8-55a590546537,Backlog Report
fcd44fe7-182b-4cf3-8cb9-4b853ae12718,Backlog Report
fce4dc16-6539-493f-92c0-eedf06d17062,Backlog Report - Invisible
fce9ad7e-4a09-4374-8fc9-ac5e891cb0b0,Backlog Report
fcef2d9d-e96e-4f07-bc9b-db65aec88ba0,Backlog Report
fd01c811-dee9-4ee5-8ef7-187d2d7a8fa1,Backlog Report
fd0b76af-a111-45ff-97a3-b74512f49deb,Backlog Report
fd1760bf-a9b5-41b8-b6cd-cb5299e0b9dd,Backlog Report
fd28f863-2b01-411c-bd87-77389d790f64,Backlog Report
fd4eba0a-28c9-4e73-b1c0-cbfb6f92726a,Backlog Report
fd5018df-7aeb-4ba2-8287-fde44fe520de,Backlog Report
fd51bdb0-a129-4f12-890d-8a9097936e57,Backlog Report
fd69cbc4-a6bc-40b4-b704-fcae2e43d025,Backlog Report - Invisible
fd6f76df-862b-4ead-acdc-5e1d50d79331,Backlog Report
fd7ba4fd-3223-49aa-94ee-fbd65e9f776c,Backlog Report
fd841e02-f27c-42f9-a645-ec0a7ef36224,Backlog Report
fd8d742d-38c9-4a4e-a3f1-f2b2f58e7463,Backlog Report
fdc36fb1-0446-4c09-8ce9-5dc77cc621cc,Backlog Report
fdce454f-4365-4ee8-9ed4-fe7e927a605e,Backlog Report
fdd02d54-c69f-4d65-9fba-ac6c3006012c,Backlog Report
fdd20ba6-15cb-4e72-9816-a70b5d6ba8b5,Backlog Report
fdf526f3-2bf1-46ab-82f1-2923f4b70a36,Backlog Report
fe0cbd16-1768-4a97-a8df-97857b7a3db2,Backlog Report
fe0ecefe-0f29-48c2-9948-9698c5ec2481,Backlog Report
fe1028c4-4059-48ad-bdaf-156aa53a87d7,Backlog Report
fe1266ee-e62a-4a93-a128-6d6cf4c1b7f5,Backlog Report
fe37f74d-3eef-4c2f-8b59-3a7eb4d086c1,Backlog Report
fe387993-58d1-4546-a114-5beff8b3dc99,Backlog Report
fe38dc17-527f-43c9-b9dc-4fea23a66467,Backlog Report
fe43f7f8-0fe2-49ba-ab7f-f62278708b6a,Backlog Report
fe4818bf-0d64-48e7-a453-0a33d06d482d,Backlog Report
fe5005cd-7b2a-4513-97e5-2272aa8638e4,Backlog Report
fe621eb3-d530-45c1-a5bb-204a85f0ef8a,Backlog Report
fe68a1ad-4f1a-4219-9ad7-ce1106a9422f,Backlog Report
fe7304a2-d0b1-4417-b5a0-a703e262a48b,Backlog Report
fe74c232-6b3a-46fc-91a8-6ae99acb2354,Backlog Report
fea2edfc-7572-49c9-8069-90de94795d61,Backlog Report
fea9dd55-0d35-44e1-9a79-d8ba9536346d,Backlog Report
feaf5133-3e79-4c23-adc6-caf6f645412c,Backlog Report
febcd5f7-f25c-40de-bae2-c2a3112e77e4,Backlog Report - Invisible
feca90ba-9af0-4932-bba0-7e885f51dac4,Backlog Report
fefdae98-372a-409d-a484-1cdebbdf8b37,Backlog Report - Invisible
ff06c9c0-3e3c-46e3-9398-1fa4ac49da78,Backlog Report
ff14ca01-8b7c-4407-8547-c4887040797e,Backlog Report
ff247dfa-373d-49b1-96f7-c395dd57aae5,Backlog Report
ff2d520b-c62f-4d0c-9370-ec49adb77648,Backlog Report
ff2e85ff-d9f7-49d3-b347-922ac349516b,Backlog Report - Invisible
ff4fdcca-1775-40c6-bdea-ed3cafb6a414,Backlog Report
ff61a45c-b199-40ec-be89-1c40a15ad63c,Backlog Report
ff639b34-0d61-49ae-839c-612fd7165e86,Backlog Report
ff6be1c0-493e-479a-8570-5a1c0edecdc2,Backlog Report - Invisible
ff8c5bc8-5402-4507-97c5-3692f1052c50,Backlog Report
ff9cefc9-8ff2-4d5e-8578-5591b7850966,Backlog Report
ffa444ac-ad09-4c8c-812a-9efde380224f,Backlog Report
ffae3821-05a9-4251-9aad-1abaacd7f1d2,Backlog Report
ffae7feb-9a64-4d46-8f84-41f21d167656,Backlog Report
ffb3a9a8-a8ec-465a-9644-3d99d57d537c,Backlog Report - Invisible
ffd5ef7f-ee7d-4669-8c80-545646fa80f3,Backlog Report
ffe5ad7e-6a3e-4409-90ac-c32bb28e9de0,Backlog Report
fff8d5c2-abe6-4bc4-be3a-1f0b473148a8,Backlog Report
